remainingTime,dirtLevel,badDirtLevel
0,0,0
1,0,0
2,0,0
3,0,0
4,0,0
5,0,0
6,0,0
7,0,0
8,0,0
9,0,0
10,0,0
11,0,0
12,0,0
13,0,0
14,0,0
15,0,0
16,0,0
17,0,0
18,0,0
19,1,0
20,1,0
21,1,0
22,1,0
23,1,0
24,1,0
25,1,0
26,1,0
27,1,0
28,1,0
29,1,0
30,1,0
31,1,0
32,1,0
33,1,0
34,1,0
35,1,0
36,1,0
37,1,0
38,1,0
39,1,0
40,1,0
41,1,0
42,1,0
43,1,0
44,1,0
45,1,0
46,1,0
47,1,0
48,1,0
49,1,0
50,1,0
51,1,0
52,1,0
53,1,0
54,1,0
55,1,0
56,1,0
57,2,0
58,2,0
59,2,0
60,2,0
61,2,0
62,2,0
63,2,0
64,2,0
65,2,0
66,2,0
67,2,0
68,2,0
69,2,0
70,2,0
71,2,0
72,2,0
73,2,0
74,2,0
75,2,0
76,2,0
77,2,0
78,2,0
79,2,0
80,2,0
81,2,0
82,2,0
83,2,0
84,2,0
85,3,0
86,3,0
87,3,0
88,3,0
89,3,0
90,3,0
91,3,0
92,3,0
93,3,0
94,3,0
95,3,0
96,3,0
97,3,0
98,3,0
99,3,0
100,3,0
101,3,0
102,3,0
103,3,0
104,3,0
105,3,0
106,3,0
107,3,0
108,3,0
109,3,0
110,3,0
111,3,0
112,3,0
113,3,0
114,3,0
115,3,0
116,3,0
117,3,0
118,3,0
119,3,0
120,3,0
121,3,0
122,3,0
123,3,0
124,3,0
125,3,0
126,3,0
127,3,0
128,3,0
129,3,0
130,3,0
131,3,0
132,3,0
133,3,0
134,3,0
135,3,0
136,3,0
137,3,0
138,3,0
139,3,0
140,3,0
141,3,0
142,3,0
143,3,0
144,3,0
145,3,0
146,3,0
147,4,0
148,4,0
149,4,0
150,4,0
151,4,0
152,4,0
153,4,0
154,4,0
155,4,0
156,5,0
157,5,0
158,5,0
159,5,0
160,5,0
161,6,0
162,6,0
163,6,0
164,6,0
165,6,0
166,6,0
167,6,0
168,6,0
169,6,0
170,6,0
171,6,0
172,6,0
173,6,0
174,6,0
175,6,0
176,6,0
177,6,0
178,6,0
179,6,0
180,6,0
181,6,0
182,6,0
183,6,0
184,6,0
185,6,0
186,6,0
187,7,0
188,7,0
189,7,0
190,7,0
191,7,0
192,7,0
193,7,0
194,7,0
195,7,0
196,7,0
197,7,0
198,7,0
199,7,0
200,7,0
201,7,0
202,7,0
203,7,0
204,7,0
205,8,0
206,8,0
207,8,0
208,8,0
209,8,0
210,8,0
211,8,0
212,8,0
213,8,0
214,8,0
215,8,0
216,8,0
217,8,0
218,8,0
219,8,0
220,8,0
221,8,0
222,8,0
223,8,0
224,8,0
225,8,0
226,8,0
227,8,0
228,8,0
229,8,0
230,8,0
231,8,0
232,8,0
233,8,0
234,8,0
235,8,0
236,8,0
237,8,0
238,9,0
239,9,0
240,9,0
241,9,0
242,9,0
243,9,0
244,9,0
245,9,0
246,9,0
247,9,0
248,9,0
249,9,0
250,9,0
251,9,0
252,9,0
253,9,0
254,9,0
255,9,0
256,9,0
257,9,0
258,9,0
259,9,0
260,9,0
261,9,0
262,9,0
263,9,0
264,9,0
265,9,0
266,9,0
267,9,0
268,9,0
269,9,0
270,9,0
271,9,0
272,9,0
273,9,0
274,9,0
275,9,0
276,9,0
277,9,0
278,9,0
279,9,0
280,9,0
281,9,0
282,9,0
283,9,0
284,9,0
285,9,0
286,9,0
287,9,0
288,9,0
289,9,0
290,9,0
291,9,0
292,9,0
293,9,0
294,9,0
295,9,0
296,9,0
297,9,0
298,9,0
299,9,0
300,9,0
301,9,0
302,9,0
303,9,0
304,9,0
305,9,0
306,9,0
307,9,0
308,9,0
309,9,0
310,9,0
311,9,0
312,9,0
313,9,0
314,9,0
315,9,0
316,9,0
317,9,0
318,9,0
319,9,0
320,9,0
321,9,0
322,9,0
323,9,0
324,9,0
325,9,0
326,9,0
327,9,0
328,9,0
329,10,0
330,10,0
331,10,0
332,10,0
333,10,0
334,10,0
335,10,0
336,10,0
337,10,0
338,10,0
339,10,0
340,10,0
341,11,0
342,11,0
343,11,0
344,11,0
345,11,0
346,11,0
347,11,0
348,11,0
349,11,0
350,11,0
351,11,0
352,11,0
353,11,0
354,11,0
355,11,0
356,12,0
357,12,0
358,12,0
359,12,0
360,12,0
361,12,0
362,12,0
363,12,0
364,12,0
365,12,0
366,12,0
367,12,0
368,12,0
369,12,0
370,12,0
371,12,0
372,12,0
373,12,0
374,12,0
375,12,0
376,12,0
377,11,0
378,11,0
379,11,0
380,11,0
381,11,0
382,11,0
383,11,0
384,11,0
385,11,0
386,11,0
387,11,0
388,11,0
389,11,0
390,11,0
391,11,0
392,11,0
393,11,0
394,11,0
395,11,0
396,11,0
397,11,0
398,11,0
399,11,0
400,11,0
401,11,0
402,11,0
403,11,0
404,11,0
405,11,0
406,11,0
407,11,0
408,11,0
409,11,0
410,11,0
411,11,0
412,11,0
413,11,0
414,11,0
415,11,0
416,11,0
417,11,0
418,11,0
419,11,0
420,11,0
421,11,0
422,11,0
423,11,0
424,11,0
425,11,0
426,11,0
427,11,0
428,11,0
429,11,0
430,11,0
431,11,0
432,11,0
433,11,0
434,11,0
435,11,0
436,11,0
437,11,0
438,11,0
439,11,0
440,11,0
441,11,0
442,11,0
443,11,0
444,11,0
445,11,0
446,11,0
447,11,0
448,11,0
449,11,0
450,11,0
451,11,0
452,11,0
453,11,0
454,11,0
455,11,0
456,11,0
457,11,0
458,11,0
459,11,0
460,11,0
461,11,0
462,11,0
463,11,0
464,11,0
465,11,0
466,11,0
467,11,0
468,11,0
469,11,0
470,11,0
471,11,0
472,11,0
473,11,0
474,11,0
475,11,0
476,12,0
477,12,0
478,12,0
479,13,0
480,13,0
481,13,0
482,13,0
483,13,0
484,13,0
485,13,0
486,13,0
487,13,0
488,13,0
489,13,0
490,13,0
491,13,0
492,13,0
493,13,0
494,13,0
495,13,0
496,13,0
497,13,0
498,13,0
499,13,0
500,13,0
501,13,0
502,13,0
503,13,0
504,13,0
505,13,0
506,13,0
507,13,0
508,13,0
509,13,0
510,13,0
511,13,0
512,13,0
513,13,0
514,13,0
515,13,0
516,13,0
517,13,0
518,13,0
519,13,0
520,13,0
521,13,0
522,13,0
523,13,0
524,13,0
525,13,0
526,13,0
527,13,0
528,13,0
529,13,0
530,13,0
531,13,0
532,13,0
533,13,0
534,13,0
535,13,0
536,13,0
537,14,0
538,14,0
539,14,0
540,14,0
541,14,0
542,14,0
543,14,0
544,14,0
545,14,0
546,14,0
547,14,0
548,14,0
549,14,0
550,14,0
551,14,0
552,14,0
553,14,0
554,14,0
555,14,0
556,14,0
557,14,0
558,14,0
559,14,0
560,14,0
561,14,0
562,14,0
563,14,0
564,14,0
565,14,0
566,14,0
567,14,0
568,14,0
569,14,0
570,14,0
571,14,0
572,14,0
573,14,0
574,14,0
575,14,0
576,14,0
577,14,0
578,14,0
579,14,0
580,14,0
581,14,0
582,14,0
583,14,0
584,14,0
585,14,0
586,14,0
587,14,0
588,14,0
589,14,0
590,14,0
591,14,0
592,15,0
593,15,0
594,15,0
595,15,0
596,15,0
597,15,0
598,15,0
599,15,0
600,15,0
601,15,0
602,15,0
603,15,0
604,15,0
605,15,0
606,15,0
607,15,0
608,15,0
609,15,0
610,16,0
611,16,0
612,17,0
613,17,0
614,17,0
615,18,0
616,18,0
617,18,0
618,18,0
619,18,0
620,18,0
621,18,0
622,18,0
623,18,0
624,18,0
625,18,0
626,18,0
627,18,0
628,18,0
629,18,0
630,18,0
631,18,0
632,18,0
633,18,0
634,18,0
635,18,0
636,18,0
637,18,0
638,18,0
639,18,0
640,18,0
641,18,0
642,18,0
643,18,0
644,18,0
645,18,0
646,18,0
647,18,0
648,18,0
649,18,0
650,18,0
651,18,0
652,18,0
653,18,0
654,18,0
655,18,0
656,18,0
657,18,0
658,18,0
659,18,0
660,18,0
661,18,0
662,18,0
663,18,0
664,18,0
665,18,0
666,18,0
667,18,0
668,18,0
669,18,0
670,18,0
671,18,0
672,18,0
673,18,0
674,18,0
675,18,0
676,19,0
677,19,0
678,19,0
679,19,0
680,19,0
681,19,0
682,19,0
683,19,0
684,19,0
685,19,0
686,19,0
687,19,0
688,19,0
689,19,0
690,19,0
691,19,0
692,19,0
693,19,0
694,19,0
695,19,0
696,19,0
697,19,0
698,19,0
699,19,0
700,19,0
701,19,0
702,19,0
703,19,0
704,19,0
705,19,0
706,19,0
707,19,0
708,19,0
709,19,0
710,19,0
711,19,0
712,19,0
713,19,0
714,19,0
715,19,0
716,19,0
717,19,0
718,19,0
719,19,0
720,19,0
721,19,0
722,19,0
723,19,0
724,19,0
725,19,0
726,19,0
727,19,0
728,19,0
729,19,0
730,19,0
731,19,0
732,19,0
733,19,0
734,19,0
735,19,0
736,19,0
737,19,0
738,19,0
739,19,0
740,19,0
741,19,0
742,19,0
743,19,0
744,19,0
745,19,0
746,19,0
747,19,0
748,19,0
749,19,0
750,19,0
751,19,0
752,19,0
753,19,0
754,19,0
755,19,0
756,19,0
757,19,0
758,19,0
759,19,0
760,19,0
761,19,0
762,19,0
763,19,0
764,19,0
765,19,0
766,19,0
767,19,0
768,19,0
769,19,0
770,19,0
771,19,0
772,19,0
773,19,0
774,19,0
775,19,0
776,19,0
777,19,0
778,19,0
779,19,0
780,19,0
781,19,0
782,19,0
783,19,0
784,19,0
785,19,0
786,19,0
787,19,0
788,19,0
789,19,0
790,19,0
791,19,0
792,19,0
793,19,0
794,19,0
795,19,0
796,19,0
797,19,0
798,19,0
799,19,0
800,19,0
801,19,0
802,19,0
803,19,0
804,19,0
805,19,0
806,19,0
807,19,0
808,19,0
809,19,0
810,19,0
811,19,0
812,19,0
813,19,0
814,19,0
815,19,0
816,19,0
817,19,0
818,19,0
819,19,0
820,19,0
821,19,0
822,19,0
823,19,0
824,19,0
825,19,0
826,19,0
827,19,0
828,19,0
829,19,0
830,19,0
831,19,0
832,19,0
833,19,0
834,19,0
835,19,0
836,19,0
837,19,0
838,19,0
839,19,0
840,19,0
841,19,0
842,19,0
843,19,0
844,19,0
845,19,0
846,19,0
847,19,0
848,19,0
849,19,0
850,19,0
851,19,0
852,19,0
853,19,0
854,19,0
855,19,0
856,19,0
857,19,0
858,19,0
859,19,0
860,19,0
861,19,0
862,19,0
863,19,0
864,19,0
865,19,0
866,19,0
867,19,0
868,20,0
869,20,0
870,20,0
871,20,0
872,20,0
873,20,0
874,20,0
875,20,0
876,20,0
877,20,0
878,20,0
879,20,0
880,20,0
881,20,0
882,20,0
883,20,0
884,20,0
885,20,0
886,20,0
887,20,0
888,20,0
889,20,0
890,20,0
891,20,0
892,20,0
893,20,0
894,20,0
895,20,0
896,20,0
897,20,0
898,20,0
899,21,0
900,21,0
901,21,0
902,21,0
903,21,0
904,21,0
905,21,0
906,21,0
907,21,0
908,21,0
909,21,0
910,21,0
911,21,0
912,21,0
913,21,0
914,21,0
915,21,0
916,21,0
917,22,0
918,22,0
919,22,0
920,22,0
921,22,0
922,22,0
923,22,0
924,22,0
925,22,0
926,22,0
927,22,0
928,22,0
929,22,0
930,22,0
931,22,0
932,22,0
933,22,0
934,22,0
935,22,0
936,22,0
937,22,0
938,22,0
939,22,0
940,22,0
941,22,0
942,22,0
943,22,0
944,22,0
945,22,0
946,22,0
947,22,0
948,22,0
949,23,0
950,23,0
951,23,0
952,23,0
953,23,0
954,23,0
955,24,0
956,24,0
957,24,0
958,24,0
959,24,0
960,25,0
961,25,0
962,25,0
963,25,0
964,25,0
965,25,0
966,25,0
967,25,0
968,25,0
969,25,0
970,25,0
971,25,0
972,25,0
973,26,0
974,26,0
975,26,0
976,26,0
977,26,0
978,26,0
979,26,0
980,26,0
981,26,0
982,26,0
983,26,0
984,25,0
985,25,0
986,25,0
987,25,0
988,25,0
989,25,0
990,26,0
991,26,0
992,26,0
993,26,0
994,26,0
995,26,0
996,26,0
997,26,0
998,26,0
999,26,0
1000,26,0
1001,26,0
1002,26,0
1003,26,0
1004,26,0
1005,26,0
1006,26,0
1007,26,0
1008,26,0
1009,26,0
1010,26,0
1011,26,0
1012,26,0
1013,26,0
1014,26,0
1015,26,0
1016,26,0
1017,26,0
1018,26,0
1019,26,0
1020,26,0
1021,26,0
1022,26,0
1023,26,0
1024,26,0
1025,26,0
1026,26,0
1027,26,0
1028,26,0
1029,26,0
1030,26,0
1031,26,0
1032,26,0
1033,26,0
1034,26,0
1035,26,0
1036,26,0
1037,26,0
1038,26,0
1039,26,0
1040,26,0
1041,26,0
1042,26,0
1043,26,0
1044,26,0
1045,26,0
1046,26,0
1047,26,0
1048,26,0
1049,26,0
1050,26,0
1051,26,0
1052,26,0
1053,26,0
1054,26,0
1055,26,0
1056,26,0
1057,26,0
1058,26,0
1059,26,0
1060,26,0
1061,26,0
1062,26,0
1063,26,0
1064,26,0
1065,26,0
1066,26,0
1067,26,0
1068,26,0
1069,26,0
1070,26,0
1071,26,0
1072,26,0
1073,26,0
1074,26,0
1075,26,0
1076,27,0
1077,27,0
1078,27,0
1079,27,0
1080,27,0
1081,27,0
1082,27,0
1083,27,0
1084,27,0
1085,27,0
1086,27,0
1087,27,0
1088,27,0
1089,27,0
1090,27,0
1091,27,0
1092,27,0
1093,27,0
1094,27,0
1095,27,0
1096,28,0
1097,27,0
1098,27,0
1099,27,0
1100,27,0
1101,27,0
1102,27,0
1103,27,0
1104,27,0
1105,27,0
1106,27,0
1107,27,0
1108,27,0
1109,27,0
1110,27,0
1111,27,0
1112,27,0
1113,27,0
1114,27,0
1115,27,0
1116,27,0
1117,27,0
1118,27,0
1119,27,0
1120,27,0
1121,27,0
1122,27,0
1123,27,0
1124,27,0
1125,27,0
1126,27,0
1127,27,0
1128,27,0
1129,27,0
1130,27,0
1131,27,0
1132,27,0
1133,27,0
1134,27,0
1135,27,0
1136,27,0
1137,27,0
1138,27,0
1139,27,0
1140,27,0
1141,27,0
1142,27,0
1143,27,0
1144,27,0
1145,27,0
1146,27,0
1147,27,0
1148,27,0
1149,27,0
1150,27,0
1151,27,0
1152,27,0
1153,27,0
1154,27,0
1155,27,0
1156,27,0
1157,27,0
1158,27,0
1159,27,0
1160,27,0
1161,27,0
1162,27,0
1163,27,0
1164,27,0
1165,27,0
1166,27,0
1167,27,0
1168,27,0
1169,27,0
1170,27,0
1171,27,0
1172,27,0
1173,27,0
1174,28,0
1175,28,0
1176,28,0
1177,28,0
1178,28,0
1179,28,0
1180,28,0
1181,28,0
1182,28,0
1183,28,0
1184,28,0
1185,28,0
1186,28,0
1187,28,0
1188,28,0
1189,28,0
1190,28,0
1191,28,0
1192,28,0
1193,28,0
1194,28,0
1195,28,0
1196,28,0
1197,28,0
1198,28,0
1199,28,0
1200,28,0
1201,28,0
1202,28,0
1203,29,0
1204,29,0
1205,29,0
1206,29,0
1207,29,0
1208,30,0
1209,30,0
1210,30,0
1211,30,0
1212,30,0
1213,30,0
1214,30,0
1215,30,0
1216,30,0
1217,30,0
1218,30,0
1219,30,0
1220,30,0
1221,30,0
1222,30,0
1223,30,0
1224,30,0
1225,30,0
1226,30,0
1227,30,0
1228,30,0
1229,30,0
1230,30,0
1231,30,0
1232,30,0
1233,30,0
1234,30,0
1235,30,0
1236,30,0
1237,30,0
1238,30,0
1239,30,0
1240,30,0
1241,30,0
1242,30,0
1243,30,0
1244,30,0
1245,30,0
1246,30,0
1247,30,0
1248,30,0
1249,30,0
1250,30,0
1251,30,0
1252,30,0
1253,30,0
1254,30,0
1255,30,0
1256,30,0
1257,30,0
1258,30,0
1259,30,0
1260,30,0
1261,30,0
1262,30,0
1263,30,0
1264,30,0
1265,30,0
1266,30,0
1267,30,0
1268,30,0
1269,30,0
1270,30,0
1271,30,0
1272,30,0
1273,30,0
1274,30,0
1275,30,0
1276,30,0
1277,30,0
1278,30,0
1279,30,0
1280,30,0
1281,30,0
1282,30,0
1283,30,0
1284,30,0
1285,30,0
1286,30,0
1287,30,0
1288,30,0
1289,30,0
1290,30,0
1291,30,0
1292,30,0
1293,30,0
1294,30,0
1295,30,0
1296,30,0
1297,30,0
1298,30,0
1299,30,0
1300,30,0
1301,30,0
1302,30,0
1303,30,0
1304,30,0
1305,30,0
1306,30,0
1307,30,0
1308,30,0
1309,30,0
1310,30,0
1311,30,0
1312,30,0
1313,30,0
1314,30,0
1315,30,0
1316,30,0
1317,30,0
1318,30,0
1319,30,0
1320,30,0
1321,30,0
1322,30,0
1323,30,0
1324,30,0
1325,30,0
1326,30,0
1327,30,0
1328,30,0
1329,30,0
1330,30,0
1331,30,0
1332,30,0
1333,30,0
1334,30,0
1335,30,0
1336,30,0
1337,30,0
1338,30,0
1339,30,0
1340,30,0
1341,30,0
1342,30,0
1343,30,0
1344,30,0
1345,30,0
1346,30,0
1347,31,1
1348,31,1
1349,31,1
1350,31,1
1351,31,1
1352,31,1
1353,30,1
1354,30,1
1355,30,1
1356,30,1
1357,30,1
1358,30,1
1359,30,1
1360,30,1
1361,30,1
1362,30,1
1363,30,1
1364,30,1
1365,30,1
1366,30,1
1367,30,1
1368,30,1
1369,30,1
1370,30,1
1371,30,1
1372,30,1
1373,30,1
1374,30,1
1375,30,1
1376,30,1
1377,30,1
1378,30,1
1379,30,1
1380,30,1
1381,30,1
1382,30,1
1383,30,1
1384,30,1
1385,30,1
1386,29,1
1387,29,1
1388,29,1
1389,29,1
1390,29,1
1391,29,1
1392,29,1
1393,29,1
1394,29,1
1395,29,1
1396,29,1
1397,29,1
1398,29,1
1399,29,1
1400,29,1
1401,29,1
1402,29,1
1403,29,1
1404,29,1
1405,29,1
1406,29,1
1407,29,1
1408,29,1
1409,29,1
1410,29,1
1411,29,1
1412,29,1
1413,29,1
1414,29,1
1415,30,1
1416,30,1
1417,30,1
1418,30,1
1419,30,1
1420,30,1
1421,30,1
1422,30,1
1423,30,1
1424,29,1
1425,30,1
1426,30,1
1427,30,1
1428,30,1
1429,30,1
1430,30,1
1431,30,1
1432,30,1
1433,30,1
1434,30,1
1435,30,1
1436,30,1
1437,30,1
1438,30,1
1439,30,1
1440,30,1
1441,30,1
1442,30,1
1443,30,1
1444,30,1
1445,30,1
1446,30,1
1447,30,1
1448,30,1
1449,30,1
1450,30,1
1451,30,1
1452,30,1
1453,30,1
1454,30,1
1455,30,1
1456,30,1
1457,30,1
1458,30,1
1459,30,1
1460,30,1
1461,30,1
1462,30,1
1463,31,1
1464,31,1
1465,31,1
1466,31,1
1467,31,1
1468,31,1
1469,31,1
1470,31,1
1471,31,1
1472,31,1
1473,31,1
1474,31,1
1475,31,1
1476,31,1
1477,31,1
1478,31,1
1479,31,1
1480,31,1
1481,31,1
1482,31,1
1483,31,1
1484,31,1
1485,31,1
1486,31,1
1487,31,1
1488,31,1
1489,31,1
1490,31,1
1491,31,1
1492,31,1
1493,31,1
1494,31,1
1495,31,1
1496,31,1
1497,31,1
1498,31,1
1499,31,1
1500,31,1
1501,31,1
1502,31,1
1503,31,1
1504,31,1
1505,31,1
1506,31,1
1507,31,1
1508,31,1
1509,31,1
1510,31,1
1511,31,1
1512,31,1
1513,31,1
1514,31,1
1515,31,1
1516,31,1
1517,31,1
1518,31,1
1519,31,1
1520,31,1
1521,30,1
1522,30,1
1523,30,1
1524,30,1
1525,30,1
1526,30,1
1527,30,1
1528,30,1
1529,30,1
1530,30,1
1531,30,1
1532,30,1
1533,30,1
1534,30,1
1535,30,1
1536,30,1
1537,30,1
1538,30,1
1539,31,1
1540,31,1
1541,31,1
1542,31,1
1543,31,1
1544,31,1
1545,31,1
1546,31,1
1547,31,1
1548,31,1
1549,31,1
1550,31,1
1551,31,1
1552,31,1
1553,31,1
1554,31,1
1555,31,1
1556,31,1
1557,31,1
1558,31,1
1559,31,1
1560,31,1
1561,31,1
1562,31,1
1563,31,1
1564,31,1
1565,31,1
1566,31,1
1567,31,1
1568,31,1
1569,31,1
1570,31,1
1571,31,1
1572,31,1
1573,31,1
1574,31,1
1575,31,1
1576,31,1
1577,31,1
1578,31,1
1579,31,1
1580,31,1
1581,31,1
1582,31,1
1583,31,1
1584,31,1
1585,31,1
1586,31,1
1587,31,1
1588,31,1
1589,31,1
1590,31,1
1591,31,1
1592,31,1
1593,31,1
1594,31,1
1595,31,1
1596,31,1
1597,31,1
1598,31,1
1599,31,1
1600,31,1
1601,31,1
1602,31,1
1603,31,1
1604,31,1
1605,31,1
1606,31,1
1607,31,1
1608,31,1
1609,31,1
1610,31,1
1611,31,1
1612,31,1
1613,31,1
1614,31,1
1615,31,1
1616,31,1
1617,31,1
1618,31,1
1619,31,1
1620,31,1
1621,31,1
1622,31,1
1623,31,1
1624,31,1
1625,30,1
1626,30,1
1627,30,1
1628,30,1
1629,30,1
1630,30,1
1631,30,1
1632,30,1
1633,30,1
1634,30,1
1635,30,1
1636,30,1
1637,30,1
1638,30,1
1639,30,1
1640,30,1
1641,30,1
1642,30,1
1643,30,1
1644,30,1
1645,30,1
1646,30,1
1647,30,1
1648,30,1
1649,30,1
1650,30,1
1651,30,1
1652,30,1
1653,30,1
1654,30,1
1655,30,1
1656,30,1
1657,30,1
1658,30,1
1659,30,1
1660,30,1
1661,30,1
1662,30,1
1663,30,1
1664,30,1
1665,30,1
1666,30,1
1667,30,1
1668,30,1
1669,30,1
1670,31,1
1671,31,1
1672,31,1
1673,31,1
1674,31,1
1675,31,1
1676,31,1
1677,31,1
1678,31,1
1679,31,1
1680,31,1
1681,31,1
1682,31,1
1683,31,1
1684,31,1
1685,31,1
1686,31,1
1687,31,1
1688,31,1
1689,31,1
1690,31,1
1691,31,1
1692,31,1
1693,31,1
1694,31,1
1695,31,1
1696,31,1
1697,31,1
1698,31,1
1699,31,1
1700,31,1
1701,31,1
1702,31,1
1703,31,1
1704,31,1
1705,31,1
1706,31,1
1707,31,1
1708,31,1
1709,31,1
1710,31,1
1711,31,1
1712,31,1
1713,31,1
1714,31,1
1715,31,1
1716,31,1
1717,31,1
1718,31,1
1719,31,1
1720,31,1
1721,31,1
1722,31,1
1723,31,1
1724,31,1
1725,31,1
1726,31,1
1727,31,1
1728,31,1
1729,31,1
1730,31,1
1731,31,1
1732,31,1
1733,31,1
1734,31,1
1735,31,1
1736,31,1
1737,31,1
1738,31,1
1739,31,1
1740,31,1
1741,31,1
1742,31,1
1743,31,1
1744,31,1
1745,31,1
1746,31,1
1747,31,1
1748,31,1
1749,31,1
1750,31,1
1751,31,1
1752,31,1
1753,31,1
1754,31,1
1755,31,1
1756,31,1
1757,31,1
1758,31,1
1759,31,1
1760,31,1
1761,31,1
1762,31,1
1763,31,1
1764,31,1
1765,31,1
1766,31,1
1767,31,1
1768,31,1
1769,31,1
1770,31,1
1771,31,1
1772,31,1
1773,31,1
1774,31,1
1775,31,1
1776,31,1
1777,31,1
1778,31,1
1779,31,1
1780,31,1
1781,31,1
1782,31,1
1783,31,1
1784,31,1
1785,31,1
1786,31,1
1787,31,1
1788,30,1
1789,30,1
1790,30,1
1791,30,1
1792,31,1
1793,31,1
1794,31,1
1795,31,1
1796,31,1
1797,31,1
1798,31,1
1799,31,1
1800,31,1
1801,31,1
1802,31,1
1803,31,1
1804,32,1
1805,32,1
1806,32,1
1807,32,1
1808,32,1
1809,32,1
1810,32,1
1811,32,1
1812,32,1
1813,32,1
1814,32,1
1815,32,1
1816,33,1
1817,33,1
1818,33,1
1819,33,1
1820,33,1
1821,33,1
1822,34,1
1823,34,1
1824,34,1
1825,34,1
1826,34,1
1827,34,1
1828,34,1
1829,34,1
1830,34,1
1831,34,1
1832,34,1
1833,34,1
1834,34,1
1835,34,1
1836,34,1
1837,34,1
1838,34,1
1839,34,1
1840,34,1
1841,34,1
1842,34,1
1843,34,1
1844,34,1
1845,34,1
1846,34,1
1847,34,1
1848,34,1
1849,34,1
1850,34,1
1851,34,1
1852,34,1
1853,34,1
1854,34,1
1855,34,1
1856,34,1
1857,34,1
1858,34,1
1859,34,1
1860,34,1
1861,34,1
1862,34,1
1863,34,1
1864,34,1
1865,34,1
1866,34,1
1867,34,1
1868,34,1
1869,34,1
1870,34,1
1871,34,1
1872,34,1
1873,34,1
1874,34,1
1875,34,1
1876,34,1
1877,34,1
1878,34,1
1879,33,1
1880,33,1
1881,33,1
1882,33,1
1883,33,1
1884,33,1
1885,33,1
1886,33,1
1887,34,1
1888,34,1
1889,34,1
1890,34,1
1891,34,1
1892,34,1
1893,34,1
1894,34,1
1895,34,1
1896,34,1
1897,34,1
1898,34,1
1899,34,1
1900,34,1
1901,34,1
1902,34,1
1903,34,1
1904,34,1
1905,34,1
1906,34,1
1907,34,1
1908,34,1
1909,34,1
1910,34,1
1911,34,1
1912,34,1
1913,34,1
1914,34,1
1915,34,1
1916,34,1
1917,34,1
1918,34,1
1919,34,1
1920,34,1
1921,34,1
1922,34,1
1923,34,1
1924,34,1
1925,34,1
1926,34,1
1927,34,1
1928,34,1
1929,34,1
1930,34,1
1931,34,1
1932,34,1
1933,34,1
1934,34,1
1935,34,1
1936,34,1
1937,34,1
1938,34,1
1939,34,1
1940,33,1
1941,33,1
1942,33,1
1943,33,1
1944,33,1
1945,33,1
1946,33,1
1947,33,1
1948,33,1
1949,33,1
1950,33,1
1951,33,1
1952,33,1
1953,33,1
1954,33,1
1955,33,1
1956,33,1
1957,33,1
1958,33,1
1959,33,1
1960,33,1
1961,33,1
1962,33,1
1963,33,1
1964,33,1
1965,33,1
1966,33,1
1967,33,1
1968,33,1
1969,33,1
1970,33,1
1971,33,1
1972,33,1
1973,33,1
1974,33,1
1975,33,1
1976,33,1
1977,33,1
1978,33,1
1979,33,1
1980,32,1
1981,32,1
1982,32,1
1983,32,1
1984,32,1
1985,32,1
1986,32,1
1987,32,1
1988,32,1
1989,32,1
1990,32,1
1991,32,1
1992,32,1
1993,32,1
1994,32,1
1995,32,1
1996,32,1
1997,32,1
1998,32,1
1999,32,1
2000,32,1
2001,32,1
2002,32,1
2003,32,1
2004,32,1
2005,32,1
2006,32,1
2007,32,1
2008,32,1
2009,32,1
2010,32,1
2011,32,1
2012,32,1
2013,31,1
2014,31,1
2015,31,1
2016,31,1
2017,31,1
2018,31,1
2019,31,1
2020,31,1
2021,31,1
2022,31,1
2023,31,1
2024,31,1
2025,31,1
2026,31,1
2027,31,1
2028,31,1
2029,31,1
2030,31,1
2031,31,1
2032,31,1
2033,31,1
2034,31,1
2035,31,1
2036,31,1
2037,31,1
2038,31,1
2039,31,1
2040,31,1
2041,31,1
2042,31,1
2043,31,1
2044,31,1
2045,31,1
2046,31,1
2047,31,1
2048,31,1
2049,31,1
2050,31,1
2051,31,1
2052,31,1
2053,31,1
2054,31,1
2055,31,1
2056,32,1
2057,32,1
2058,32,1
2059,32,1
2060,32,1
2061,32,1
2062,32,1
2063,33,1
2064,33,1
2065,33,1
2066,33,1
2067,33,1
2068,33,1
2069,33,1
2070,33,1
2071,33,1
2072,33,1
2073,33,1
2074,33,1
2075,33,1
2076,33,1
2077,33,1
2078,33,1
2079,33,1
2080,33,1
2081,33,1
2082,33,1
2083,33,1
2084,33,1
2085,33,1
2086,33,1
2087,33,1
2088,33,1
2089,33,1
2090,33,1
2091,33,1
2092,33,1
2093,33,1
2094,33,1
2095,32,1
2096,32,1
2097,32,1
2098,32,1
2099,32,1
2100,32,1
2101,32,1
2102,32,1
2103,32,1
2104,32,1
2105,32,1
2106,32,1
2107,32,1
2108,32,1
2109,32,1
2110,32,1
2111,32,1
2112,32,1
2113,32,1
2114,32,1
2115,32,1
2116,32,1
2117,32,1
2118,32,1
2119,32,1
2120,32,1
2121,32,1
2122,32,1
2123,32,1
2124,32,1
2125,32,1
2126,32,1
2127,32,1
2128,31,1
2129,31,1
2130,31,1
2131,31,1
2132,31,1
2133,31,1
2134,31,1
2135,31,1
2136,31,1
2137,31,1
2138,31,1
2139,31,1
2140,31,1
2141,31,1
2142,31,1
2143,31,1
2144,31,1
2145,31,1
2146,31,1
2147,31,1
2148,31,1
2149,31,1
2150,31,1
2151,31,1
2152,31,1
2153,31,1
2154,31,1
2155,31,1
2156,31,1
2157,31,1
2158,31,1
2159,31,1
2160,31,1
2161,31,1
2162,31,1
2163,31,1
2164,31,1
2165,31,1
2166,31,1
2167,31,1
2168,31,1
2169,31,1
2170,31,1
2171,31,1
2172,31,1
2173,31,1
2174,31,1
2175,31,1
2176,31,1
2177,31,1
2178,31,1
2179,31,1
2180,31,1
2181,31,1
2182,31,1
2183,31,1
2184,31,1
2185,31,1
2186,31,1
2187,31,1
2188,31,1
2189,31,1
2190,31,1
2191,31,1
2192,31,1
2193,31,1
2194,31,1
2195,31,1
2196,31,1
2197,31,1
2198,31,1
2199,31,1
2200,31,1
2201,31,1
2202,31,1
2203,31,1
2204,31,1
2205,31,1
2206,31,1
2207,31,1
2208,31,1
2209,31,1
2210,31,1
2211,31,1
2212,31,1
2213,31,1
2214,31,1
2215,31,1
2216,31,1
2217,31,1
2218,31,1
2219,31,1
2220,31,1
2221,31,1
2222,31,1
2223,31,1
2224,31,1
2225,31,1
2226,31,1
2227,31,1
2228,31,1
2229,31,1
2230,31,1
2231,31,1
2232,31,1
2233,31,1
2234,31,1
2235,31,1
2236,31,1
2237,31,1
2238,31,1
2239,31,1
2240,31,1
2241,31,1
2242,30,1
2243,30,1
2244,30,1
2245,30,1
2246,30,1
2247,31,1
2248,31,1
2249,31,1
2250,31,1
2251,32,1
2252,32,1
2253,32,1
2254,32,1
2255,32,1
2256,32,1
2257,32,1
2258,32,1
2259,32,1
2260,32,1
2261,32,1
2262,33,1
2263,33,1
2264,33,1
2265,33,1
2266,33,1
2267,34,1
2268,34,1
2269,34,1
2270,34,1
2271,34,1
2272,34,1
2273,34,1
2274,34,1
2275,34,1
2276,34,1
2277,34,1
2278,34,1
2279,34,1
2280,35,1
2281,35,1
2282,35,1
2283,35,1
2284,35,1
2285,35,1
2286,35,1
2287,35,1
2288,35,1
2289,35,1
2290,35,1
2291,35,1
2292,35,1
2293,35,1
2294,35,1
2295,35,1
2296,35,1
2297,35,1
2298,35,1
2299,35,1
2300,35,1
2301,35,1
2302,35,1
2303,35,1
2304,35,1
2305,35,1
2306,35,1
2307,36,1
2308,36,1
2309,36,1
2310,36,1
2311,36,1
2312,36,1
2313,36,1
2314,36,1
2315,36,1
2316,36,1
2317,36,1
2318,36,1
2319,36,1
2320,36,1
2321,36,1
2322,36,1
2323,36,1
2324,36,1
2325,36,1
2326,36,1
2327,36,1
2328,36,1
2329,35,1
2330,35,1
2331,35,1
2332,35,1
2333,35,1
2334,35,1
2335,35,1
2336,35,1
2337,35,1
2338,35,1
2339,35,1
2340,35,1
2341,36,1
2342,36,1
2343,36,1
2344,35,0
2345,35,0
2346,35,0
2347,35,0
2348,35,0
2349,35,0
2350,35,0
2351,35,0
2352,35,0
2353,35,0
2354,35,0
2355,35,0
2356,35,0
2357,35,0
2358,35,0
2359,35,0
2360,36,0
2361,36,0
2362,35,0
2363,35,0
2364,35,0
2365,35,0
2366,35,0
2367,35,0
2368,35,0
2369,35,0
2370,35,0
2371,35,0
2372,35,0
2373,35,0
2374,35,0
2375,35,0
2376,35,0
2377,35,0
2378,35,0
2379,35,0
2380,35,0
2381,35,0
2382,35,0
2383,35,0
2384,35,0
2385,35,0
2386,35,0
2387,35,0
2388,35,0
2389,35,0
2390,35,0
2391,35,0
2392,35,0
2393,35,0
2394,35,0
2395,35,0
2396,35,0
2397,35,0
2398,35,0
2399,35,0
2400,35,0
2401,35,0
2402,35,0
2403,35,0
2404,35,0
2405,35,0
2406,35,0
2407,35,0
2408,35,0
2409,35,0
2410,35,0
2411,35,0
2412,35,0
2413,35,0
2414,35,0
2415,35,0
2416,35,0
2417,35,0
2418,35,0
2419,35,0
2420,35,0
2421,35,0
2422,35,0
2423,35,0
2424,35,0
2425,35,0
2426,35,0
2427,35,0
2428,35,0
2429,35,0
2430,35,0
2431,35,0
2432,35,0
2433,35,0
2434,35,0
2435,35,0
2436,35,0
2437,35,0
2438,35,0
2439,35,0
2440,35,0
2441,35,0
2442,35,0
2443,35,0
2444,35,0
2445,35,0
2446,35,0
2447,35,0
2448,35,0
2449,35,0
2450,35,0
2451,35,0
2452,35,0
2453,35,0
2454,35,0
2455,35,0
2456,35,0
2457,35,0
2458,35,0
2459,35,0
2460,35,0
2461,35,0
2462,35,0
2463,35,0
2464,35,0
2465,35,0
2466,35,0
2467,35,0
2468,35,0
2469,35,0
2470,35,0
2471,35,0
2472,35,0
2473,35,0
2474,35,1
2475,35,1
2476,35,1
2477,35,1
2478,35,1
2479,35,1
2480,35,1
2481,35,1
2482,35,1
2483,35,1
2484,35,1
2485,35,1
2486,35,1
2487,35,1
2488,35,1
2489,35,1
2490,35,1
2491,35,1
2492,35,1
2493,35,1
2494,35,1
2495,35,1
2496,35,1
2497,35,1
2498,35,1
2499,35,1
2500,35,1
2501,35,1
2502,35,1
2503,35,1
2504,35,1
2505,35,1
2506,35,1
2507,35,1
2508,35,1
2509,35,1
2510,35,1
2511,35,1
2512,35,1
2513,35,1
2514,35,1
2515,35,1
2516,35,1
2517,35,1
2518,35,1
2519,35,1
2520,35,1
2521,35,1
2522,35,1
2523,35,1
2524,35,1
2525,35,1
2526,35,1
2527,35,1
2528,35,1
2529,35,1
2530,35,1
2531,35,1
2532,35,1
2533,35,1
2534,35,1
2535,35,1
2536,35,1
2537,35,1
2538,35,1
2539,35,1
2540,35,1
2541,35,1
2542,35,1
2543,35,1
2544,35,1
2545,35,1
2546,35,1
2547,35,1
2548,36,1
2549,36,1
2550,36,1
2551,36,1
2552,36,1
2553,36,1
2554,36,1
2555,36,1
2556,36,1
2557,36,1
2558,36,1
2559,36,1
2560,36,1
2561,36,1
2562,36,1
2563,36,1
2564,36,1
2565,36,1
2566,36,1
2567,36,1
2568,36,1
2569,36,1
2570,36,1
2571,37,1
2572,37,1
2573,37,1
2574,37,1
2575,37,1
2576,37,1
2577,37,1
2578,37,1
2579,37,1
2580,37,1
2581,37,1
2582,37,1
2583,37,1
2584,37,1
2585,37,1
2586,37,1
2587,37,1
2588,37,1
2589,37,1
2590,37,1
2591,37,1
2592,37,1
2593,37,1
2594,37,1
2595,37,1
2596,37,1
2597,37,1
2598,37,1
2599,37,1
2600,37,1
2601,37,1
2602,37,1
2603,37,1
2604,37,1
2605,37,1
2606,37,1
2607,37,1
2608,37,1
2609,37,1
2610,37,1
2611,37,1
2612,37,1
2613,37,1
2614,37,1
2615,37,1
2616,37,1
2617,37,1
2618,37,1
2619,37,1
2620,37,1
2621,37,1
2622,37,1
2623,37,1
2624,37,1
2625,37,1
2626,37,1
2627,37,1
2628,37,1
2629,37,1
2630,36,1
2631,36,1
2632,36,1
2633,36,1
2634,36,1
2635,36,1
2636,36,1
2637,36,1
2638,36,1
2639,35,1
2640,35,1
2641,35,1
2642,35,1
2643,35,1
2644,35,1
2645,35,1
2646,35,1
2647,35,1
2648,35,1
2649,35,1
2650,35,1
2651,35,1
2652,35,1
2653,35,1
2654,35,1
2655,35,1
2656,35,1
2657,35,1
2658,35,1
2659,35,1
2660,35,1
2661,35,1
2662,35,1
2663,35,1
2664,35,1
2665,35,1
2666,35,1
2667,35,1
2668,35,1
2669,35,1
2670,35,1
2671,35,1
2672,35,1
2673,35,1
2674,35,1
2675,35,1
2676,35,1
2677,35,1
2678,35,1
2679,35,1
2680,35,1
2681,35,1
2682,35,1
2683,36,1
2684,35,1
2685,35,1
2686,35,1
2687,35,1
2688,35,1
2689,35,1
2690,35,1
2691,35,1
2692,35,1
2693,35,1
2694,35,1
2695,35,1
2696,34,1
2697,34,1
2698,34,1
2699,34,1
2700,34,1
2701,34,1
2702,34,1
2703,34,1
2704,34,1
2705,34,1
2706,34,1
2707,34,1
2708,34,1
2709,34,1
2710,34,1
2711,34,1
2712,34,1
2713,34,1
2714,34,1
2715,34,1
2716,34,1
2717,34,1
2718,34,1
2719,34,1
2720,34,1
2721,34,1
2722,34,1
2723,34,1
2724,34,1
2725,34,1
2726,34,1
2727,34,1
2728,34,1
2729,34,1
2730,34,1
2731,34,1
2732,33,1
2733,33,1
2734,33,1
2735,33,1
2736,33,1
2737,33,1
2738,33,1
2739,34,1
2740,34,1
2741,34,1
2742,34,1
2743,34,1
2744,34,1
2745,34,1
2746,34,1
2747,34,1
2748,34,1
2749,34,1
2750,34,1
2751,34,1
2752,34,1
2753,34,1
2754,34,1
2755,34,1
2756,34,1
2757,34,1
2758,34,1
2759,34,1
2760,34,1
2761,34,1
2762,34,1
2763,34,1
2764,34,1
2765,33,1
2766,33,1
2767,33,1
2768,33,1
2769,33,1
2770,33,1
2771,33,1
2772,33,1
2773,33,1
2774,33,1
2775,33,1
2776,33,1
2777,33,1
2778,34,2
2779,34,2
2780,34,2
2781,34,2
2782,34,2
2783,34,2
2784,34,2
2785,34,2
2786,34,2
2787,34,2
2788,34,2
2789,34,2
2790,34,2
2791,34,2
2792,34,2
2793,34,2
2794,34,2
2795,34,2
2796,34,2
2797,34,2
2798,34,2
2799,34,2
2800,34,2
2801,34,2
2802,34,2
2803,34,2
2804,34,2
2805,34,2
2806,34,2
2807,34,2
2808,34,2
2809,34,2
2810,34,2
2811,34,2
2812,34,2
2813,34,2
2814,34,2
2815,34,2
2816,34,2
2817,34,2
2818,34,2
2819,34,2
2820,34,2
2821,34,2
2822,34,2
2823,34,2
2824,34,2
2825,34,2
2826,34,2
2827,34,2
2828,35,2
2829,35,2
2830,35,2
2831,35,2
2832,35,2
2833,35,2
2834,35,2
2835,35,2
2836,35,2
2837,35,2
2838,35,2
2839,35,2
2840,35,2
2841,35,2
2842,35,2
2843,35,2
2844,35,2
2845,35,2
2846,35,2
2847,35,2
2848,35,2
2849,35,2
2850,35,2
2851,35,2
2852,35,2
2853,35,2
2854,35,2
2855,35,2
2856,36,2
2857,36,2
2858,36,2
2859,36,2
2860,36,2
2861,36,2
2862,36,2
2863,36,2
2864,36,2
2865,36,2
2866,36,2
2867,36,2
2868,36,2
2869,36,2
2870,36,2
2871,36,2
2872,36,2
2873,36,2
2874,36,2
2875,36,2
2876,36,2
2877,36,2
2878,36,2
2879,36,2
2880,36,2
2881,36,2
2882,36,2
2883,36,2
2884,36,2
2885,36,2
2886,36,2
2887,36,2
2888,36,2
2889,36,2
2890,36,2
2891,36,2
2892,36,2
2893,36,2
2894,36,2
2895,36,2
2896,36,2
2897,36,2
2898,36,2
2899,36,2
2900,35,2
2901,35,2
2902,35,2
2903,35,2
2904,35,2
2905,36,2
2906,36,2
2907,36,2
2908,36,2
2909,36,2
2910,36,2
2911,36,2
2912,36,2
2913,36,2
2914,36,2
2915,36,2
2916,36,2
2917,36,2
2918,36,2
2919,36,2
2920,36,2
2921,36,2
2922,36,2
2923,36,2
2924,36,2
2925,36,2
2926,36,2
2927,36,2
2928,36,2
2929,36,2
2930,36,2
2931,36,2
2932,36,2
2933,35,2
2934,35,2
2935,35,2
2936,35,2
2937,35,2
2938,35,2
2939,35,2
2940,35,2
2941,35,2
2942,35,2
2943,35,2
2944,35,2
2945,35,2
2946,35,2
2947,35,2
2948,35,2
2949,35,2
2950,35,2
2951,35,2
2952,35,2
2953,35,2
2954,35,2
2955,35,2
2956,35,2
2957,35,2
2958,35,2
2959,35,2
2960,35,2
2961,35,2
2962,35,2
2963,35,2
2964,35,2
2965,35,2
2966,35,2
2967,35,2
2968,35,2
2969,35,2
2970,35,2
2971,35,2
2972,35,2
2973,35,2
2974,35,2
2975,35,2
2976,35,2
2977,35,2
2978,35,2
2979,35,2
2980,35,2
2981,35,2
2982,35,2
2983,35,2
2984,34,2
2985,35,2
2986,35,2
2987,35,2
2988,35,2
2989,35,2
2990,35,2
2991,35,2
2992,35,2
2993,35,2
2994,35,2
2995,35,2
2996,35,2
2997,35,2
2998,35,2
2999,34,2
3000,34,2
3001,34,2
3002,33,2
3003,33,2
3004,33,2
3005,33,2
3006,33,2
3007,33,2
3008,33,2
3009,33,2
3010,33,2
3011,33,2
3012,33,2
3013,33,2
3014,33,2
3015,33,2
3016,33,2
3017,33,2
3018,33,2
3019,33,2
3020,33,2
3021,33,2
3022,33,2
3023,33,2
3024,33,2
3025,33,2
3026,33,2
3027,33,2
3028,33,2
3029,33,2
3030,33,2
3031,33,2
3032,33,2
3033,33,2
3034,33,2
3035,32,2
3036,32,2
3037,32,2
3038,32,2
3039,32,2
3040,32,2
3041,32,2
3042,33,2
3043,33,2
3044,34,2
3045,34,2
3046,34,2
3047,34,2
3048,34,2
3049,34,2
3050,34,2
3051,34,2
3052,34,2
3053,34,2
3054,34,2
3055,34,2
3056,34,2
3057,34,2
3058,34,2
3059,34,2
3060,34,2
3061,34,2
3062,34,2
3063,34,2
3064,34,2
3065,34,2
3066,34,2
3067,34,2
3068,34,2
3069,34,2
3070,34,2
3071,34,2
3072,34,2
3073,34,2
3074,34,2
3075,34,2
3076,34,2
3077,34,2
3078,34,2
3079,34,2
3080,34,2
3081,34,2
3082,34,2
3083,34,2
3084,34,2
3085,34,2
3086,34,2
3087,34,2
3088,34,2
3089,34,2
3090,34,2
3091,34,2
3092,34,2
3093,34,2
3094,34,2
3095,34,2
3096,34,2
3097,34,2
3098,34,2
3099,34,2
3100,34,2
3101,34,2
3102,34,2
3103,34,2
3104,34,2
3105,34,2
3106,34,2
3107,34,2
3108,34,2
3109,34,2
3110,34,2
3111,34,2
3112,34,2
3113,34,2
3114,34,2
3115,34,2
3116,34,2
3117,34,2
3118,34,2
3119,34,2
3120,34,2
3121,34,2
3122,34,2
3123,34,2
3124,34,2
3125,34,2
3126,34,2
3127,34,2
3128,34,2
3129,34,2
3130,34,2
3131,34,2
3132,34,2
3133,34,2
3134,34,2
3135,34,2
3136,34,2
3137,34,2
3138,34,2
3139,34,2
3140,34,2
3141,34,2
3142,34,2
3143,34,2
3144,34,2
3145,34,2
3146,34,2
3147,34,2
3148,34,2
3149,34,2
3150,34,2
3151,34,2
3152,34,2
3153,34,2
3154,34,2
3155,34,2
3156,34,2
3157,34,2
3158,34,2
3159,34,2
3160,34,2
3161,34,2
3162,34,2
3163,34,2
3164,34,2
3165,34,2
3166,34,2
3167,34,2
3168,34,2
3169,34,2
3170,34,2
3171,34,2
3172,34,2
3173,34,2
3174,34,2
3175,34,2
3176,34,2
3177,34,2
3178,34,2
3179,34,2
3180,34,2
3181,34,2
3182,34,2
3183,34,2
3184,34,2
3185,34,2
3186,34,2
3187,34,2
3188,34,2
3189,34,2
3190,34,2
3191,34,2
3192,34,2
3193,34,2
3194,34,2
3195,34,2
3196,34,2
3197,34,2
3198,34,2
3199,34,2
3200,34,2
3201,34,2
3202,34,2
3203,34,2
3204,34,2
3205,34,2
3206,34,2
3207,34,2
3208,34,2
3209,34,2
3210,34,2
3211,34,2
3212,34,2
3213,34,2
3214,34,2
3215,34,2
3216,33,2
3217,33,2
3218,33,2
3219,33,2
3220,33,2
3221,33,2
3222,33,2
3223,33,2
3224,33,2
3225,33,2
3226,33,2
3227,33,2
3228,33,2
3229,33,2
3230,33,2
3231,33,2
3232,33,2
3233,33,2
3234,33,2
3235,33,2
3236,33,2
3237,33,2
3238,33,2
3239,33,2
3240,33,2
3241,33,2
3242,33,2
3243,33,2
3244,33,2
3245,33,2
3246,33,2
3247,33,2
3248,33,2
3249,34,2
3250,34,2
3251,34,2
3252,34,2
3253,34,2
3254,34,2
3255,34,2
3256,34,2
3257,34,2
3258,34,2
3259,34,2
3260,34,2
3261,34,2
3262,34,2
3263,34,2
3264,33,2
3265,33,2
3266,33,2
3267,33,2
3268,33,2
3269,33,2
3270,33,2
3271,33,2
3272,33,2
3273,33,2
3274,33,2
3275,33,2
3276,33,2
3277,33,2
3278,33,2
3279,33,2
3280,33,2
3281,33,2
3282,34,2
3283,34,2
3284,34,2
3285,34,2
3286,34,2
3287,34,2
3288,34,2
3289,34,2
3290,34,2
3291,34,2
3292,34,2
3293,34,2
3294,34,2
3295,34,2
3296,34,2
3297,34,2
3298,34,2
3299,34,2
3300,34,2
3301,34,2
3302,34,2
3303,34,2
3304,34,2
3305,34,2
3306,34,2
3307,34,2
3308,34,2
3309,34,2
3310,34,2
3311,34,2
3312,34,2
3313,34,2
3314,34,2
3315,34,2
3316,34,2
3317,34,2
3318,34,2
3319,34,2
3320,34,2
3321,34,2
3322,34,2
3323,34,2
3324,34,2
3325,34,2
3326,34,2
3327,34,2
3328,34,2
3329,34,2
3330,34,2
3331,34,2
3332,34,2
3333,34,2
3334,34,2
3335,34,2
3336,34,2
3337,34,2
3338,34,2
3339,34,2
3340,34,2
3341,34,2
3342,34,2
3343,34,2
3344,34,2
3345,34,2
3346,34,2
3347,34,2
3348,34,2
3349,34,2
3350,34,2
3351,34,2
3352,34,2
3353,34,2
3354,34,2
3355,34,2
3356,34,2
3357,34,2
3358,34,2
3359,34,2
3360,34,2
3361,34,2
3362,34,2
3363,34,2
3364,34,2
3365,33,2
3366,33,2
3367,33,2
3368,33,2
3369,33,2
3370,33,2
3371,33,2
3372,33,2
3373,33,2
3374,33,2
3375,33,2
3376,33,2
3377,34,2
3378,34,2
3379,34,2
3380,34,2
3381,34,2
3382,34,2
3383,34,2
3384,34,2
3385,34,2
3386,34,2
3387,34,2
3388,34,2
3389,34,2
3390,34,2
3391,34,2
3392,34,2
3393,34,2
3394,34,2
3395,34,2
3396,34,2
3397,34,2
3398,34,2
3399,34,2
3400,34,2
3401,34,2
3402,34,2
3403,34,2
3404,34,2
3405,34,2
3406,34,2
3407,34,2
3408,34,2
3409,34,2
3410,34,2
3411,34,2
3412,34,2
3413,34,2
3414,34,2
3415,34,2
3416,33,2
3417,33,2
3418,33,2
3419,33,2
3420,33,2
3421,33,2
3422,33,2
3423,33,2
3424,33,2
3425,33,2
3426,33,2
3427,33,2
3428,33,2
3429,33,2
3430,33,2
3431,33,2
3432,33,2
3433,33,2
3434,33,2
3435,33,2
3436,33,2
3437,33,2
3438,33,2
3439,33,2
3440,33,2
3441,33,2
3442,33,2
3443,33,2
3444,33,2
3445,33,2
3446,33,2
3447,33,2
3448,33,2
3449,33,2
3450,33,2
3451,32,2
3452,32,2
3453,32,2
3454,32,2
3455,32,2
3456,32,2
3457,32,2
3458,32,2
3459,32,2
3460,32,2
3461,32,2
3462,32,2
3463,32,2
3464,32,2
3465,32,2
3466,32,2
3467,32,2
3468,32,2
3469,32,2
3470,32,2
3471,32,2
3472,32,2
3473,32,2
3474,32,2
3475,32,2
3476,32,2
3477,32,2
3478,33,2
3479,33,2
3480,33,2
3481,33,2
3482,33,2
3483,33,2
3484,33,2
3485,33,2
3486,33,2
3487,33,2
3488,33,2
3489,33,2
3490,33,2
3491,33,2
3492,33,2
3493,33,2
3494,33,2
3495,33,2
3496,33,2
3497,33,2
3498,33,2
3499,34,2
3500,34,2
3501,34,2
3502,34,2
3503,34,2
3504,34,2
3505,34,2
3506,34,2
3507,34,2
3508,34,2
3509,34,2
3510,34,2
3511,34,2
3512,34,2
3513,34,2
3514,34,2
3515,34,2
3516,34,2
3517,33,2
3518,33,2
3519,33,2
3520,33,2
3521,33,2
3522,33,2
3523,33,2
3524,33,2
3525,33,2
3526,33,2
3527,33,2
3528,34,2
3529,34,2
3530,34,2
3531,34,2
3532,34,2
3533,34,2
3534,34,2
3535,34,2
3536,34,2
3537,34,2
3538,34,2
3539,34,2
3540,34,2
3541,34,2
3542,34,2
3543,34,2
3544,34,2
3545,34,2
3546,34,2
3547,34,2
3548,34,2
3549,34,2
3550,33,2
3551,33,2
3552,33,2
3553,33,2
3554,33,2
3555,34,2
3556,34,2
3557,34,2
3558,34,2
3559,34,2
3560,34,2
3561,34,2
3562,34,2
3563,34,2
3564,34,2
3565,34,2
3566,34,2
3567,34,2
3568,34,2
3569,34,2
3570,34,2
3571,34,2
3572,34,2
3573,34,2
3574,34,2
3575,34,2
3576,34,2
3577,34,2
3578,34,2
3579,34,2
3580,34,2
3581,34,2
3582,34,2
3583,34,2
3584,34,2
3585,34,2
3586,34,2
3587,34,2
3588,34,2
3589,34,2
3590,34,2
3591,34,2
3592,34,2
3593,34,2
3594,34,2
3595,34,2
3596,34,2
3597,34,2
3598,34,2
3599,34,2
3600,34,2
3601,34,2
3602,34,2
3603,34,2
3604,34,2
3605,34,2
3606,34,2
3607,34,2
3608,34,2
3609,34,2
3610,34,2
3611,34,2
3612,34,2
3613,34,2
3614,34,2
3615,34,2
3616,34,2
3617,34,2
3618,34,2
3619,34,2
3620,34,2
3621,34,2
3622,34,2
3623,34,2
3624,34,2
3625,34,2
3626,34,2
3627,34,2
3628,34,2
3629,34,1
3630,34,1
3631,34,1
3632,34,1
3633,34,1
3634,34,1
3635,34,1
3636,34,1
3637,34,1
3638,34,1
3639,34,1
3640,35,1
3641,35,1
3642,35,1
3643,35,1
3644,35,1
3645,35,1
3646,35,1
3647,35,1
3648,35,1
3649,35,1
3650,35,1
3651,35,1
3652,35,1
3653,35,1
3654,35,1
3655,35,1
3656,35,1
3657,35,1
3658,35,1
3659,35,1
3660,36,1
3661,36,1
3662,36,1
3663,35,1
3664,35,1
3665,35,1
3666,35,1
3667,35,1
3668,35,1
3669,35,1
3670,35,1
3671,35,1
3672,35,1
3673,35,1
3674,35,1
3675,35,1
3676,35,1
3677,35,1
3678,35,1
3679,35,1
3680,35,1
3681,35,1
3682,35,1
3683,35,1
3684,35,1
3685,35,1
3686,35,1
3687,35,1
3688,35,1
3689,35,1
3690,35,1
3691,35,1
3692,35,1
3693,35,1
3694,35,1
3695,35,1
3696,35,1
3697,35,1
3698,35,1
3699,35,1
3700,35,1
3701,35,1
3702,35,1
3703,35,1
3704,35,1
3705,35,1
3706,35,1
3707,35,1
3708,35,1
3709,35,1
3710,35,1
3711,35,1
3712,35,1
3713,35,1
3714,35,1
3715,35,1
3716,35,1
3717,35,1
3718,35,1
3719,35,1
3720,35,1
3721,35,1
3722,35,1
3723,35,1
3724,35,1
3725,35,1
3726,35,1
3727,35,1
3728,35,1
3729,34,1
3730,34,1
3731,34,1
3732,34,1
3733,34,1
3734,34,1
3735,34,1
3736,34,1
3737,34,1
3738,34,1
3739,34,1
3740,35,1
3741,35,1
3742,35,1
3743,35,1
3744,35,1
3745,35,1
3746,35,1
3747,35,1
3748,35,1
3749,35,1
3750,35,1
3751,35,1
3752,35,1
3753,35,1
3754,35,1
3755,35,1
3756,35,1
3757,35,1
3758,35,1
3759,35,1
3760,35,1
3761,35,1
3762,35,1
3763,35,1
3764,35,1
3765,35,1
3766,35,1
3767,35,1
3768,35,1
3769,35,1
3770,35,1
3771,35,1
3772,35,1
3773,35,1
3774,35,1
3775,35,1
3776,35,1
3777,35,1
3778,35,1
3779,35,1
3780,35,1
3781,35,1
3782,35,1
3783,35,1
3784,35,1
3785,35,1
3786,36,1
3787,36,1
3788,36,1
3789,36,1
3790,36,1
3791,36,1
3792,36,1
3793,36,1
3794,36,1
3795,36,1
3796,36,1
3797,36,1
3798,36,1
3799,36,1
3800,36,1
3801,36,1
3802,36,1
3803,37,1
3804,37,1
3805,37,1
3806,37,1
3807,37,1
3808,37,1
3809,37,1
3810,37,1
3811,37,1
3812,37,1
3813,37,1
3814,37,1
3815,37,1
3816,37,1
3817,37,1
3818,37,1
3819,37,1
3820,37,1
3821,37,1
3822,37,1
3823,37,1
3824,37,1
3825,37,1
3826,37,1
3827,37,1
3828,37,1
3829,37,1
3830,37,1
3831,37,1
3832,37,1
3833,37,1
3834,37,1
3835,37,1
3836,37,1
3837,37,1
3838,37,1
3839,37,1
3840,37,1
3841,37,1
3842,37,1
3843,37,1
3844,37,1
3845,37,1
3846,37,1
3847,37,1
3848,37,1
3849,37,1
3850,37,1
3851,37,1
3852,37,1
3853,37,1
3854,37,1
3855,37,1
3856,37,1
3857,37,1
3858,37,1
3859,37,1
3860,36,1
3861,36,1
3862,36,1
3863,36,1
3864,36,1
3865,36,1
3866,36,1
3867,36,1
3868,36,1
3869,36,1
3870,36,1
3871,36,1
3872,36,1
3873,36,1
3874,36,1
3875,36,1
3876,36,1
3877,36,1
3878,36,1
3879,36,1
3880,36,1
3881,36,1
3882,36,1
3883,36,1
3884,36,1
3885,36,1
3886,36,1
3887,36,1
3888,36,1
3889,36,1
3890,36,1
3891,36,1
3892,36,1
3893,36,1
3894,36,1
3895,36,1
3896,36,1
3897,36,1
3898,35,1
3899,35,1
3900,35,1
3901,35,1
3902,35,1
3903,35,1
3904,35,1
3905,35,1
3906,35,1
3907,35,1
3908,35,1
3909,35,1
3910,35,1
3911,35,1
3912,35,1
3913,35,1
3914,35,1
3915,35,1
3916,35,1
3917,35,1
3918,35,1
3919,35,1
3920,35,1
3921,35,1
3922,35,1
3923,35,1
3924,35,1
3925,35,1
3926,35,1
3927,35,1
3928,35,1
3929,35,1
3930,35,1
3931,35,1
3932,35,1
3933,35,1
3934,35,1
3935,35,1
3936,35,1
3937,35,1
3938,35,1
3939,35,1
3940,35,1
3941,35,1
3942,35,1
3943,35,1
3944,35,1
3945,35,1
3946,34,1
3947,34,1
3948,34,1
3949,34,1
3950,34,1
3951,34,1
3952,34,1
3953,34,1
3954,34,1
3955,34,1
3956,34,1
3957,34,1
3958,34,1
3959,33,1
3960,33,1
3961,33,1
3962,33,1
3963,33,1
3964,33,1
3965,33,1
3966,33,1
3967,33,1
3968,33,1
3969,33,1
3970,33,1
3971,33,1
3972,33,1
3973,33,1
3974,33,1
3975,33,1
3976,33,1
3977,33,1
3978,33,1
3979,33,1
3980,33,1
3981,33,1
3982,33,1
3983,33,1
3984,33,1
3985,33,1
3986,33,1
3987,33,1
3988,33,1
3989,33,1
3990,33,1
3991,33,1
3992,33,1
3993,33,1
3994,33,1
3995,33,1
3996,33,1
3997,33,1
3998,33,1
3999,33,1
4000,33,1
4001,33,1
4002,33,1
4003,33,1
4004,33,1
4005,33,1
4006,33,1
4007,33,1
4008,33,1
4009,33,1
4010,33,1
4011,33,1
4012,33,1
4013,33,1
4014,33,1
4015,33,1
4016,33,1
4017,33,1
4018,33,1
4019,33,1
4020,33,1
4021,33,1
4022,33,1
4023,33,1
4024,33,1
4025,33,1
4026,33,1
4027,33,1
4028,33,1
4029,33,1
4030,33,1
4031,33,1
4032,32,1
4033,32,1
4034,32,1
4035,32,1
4036,32,1
4037,32,1
4038,32,1
4039,32,1
4040,32,1
4041,32,1
4042,32,1
4043,32,1
4044,32,1
4045,32,1
4046,32,1
4047,32,1
4048,32,1
4049,32,1
4050,32,1
4051,32,1
4052,32,1
4053,32,1
4054,32,1
4055,32,1
4056,32,1
4057,32,1
4058,31,1
4059,31,1
4060,31,1
4061,31,1
4062,31,1
4063,31,1
4064,31,1
4065,31,1
4066,31,1
4067,31,1
4068,31,1
4069,31,1
4070,31,1
4071,31,1
4072,31,1
4073,31,1
4074,31,1
4075,31,1
4076,31,1
4077,31,1
4078,31,1
4079,31,1
4080,31,1
4081,31,1
4082,31,1
4083,31,1
4084,31,1
4085,31,1
4086,31,1
4087,31,1
4088,31,1
4089,31,1
4090,31,1
4091,30,1
4092,30,1
4093,30,1
4094,30,1
4095,30,1
4096,30,1
4097,30,1
4098,30,1
4099,30,1
4100,30,1
4101,30,1
4102,30,1
4103,30,1
4104,30,1
4105,30,1
4106,30,1
4107,30,1
4108,30,1
4109,30,1
4110,30,1
4111,30,1
4112,30,1
4113,30,1
4114,30,1
4115,30,1
4116,30,1
4117,30,1
4118,30,1
4119,30,1
4120,30,1
4121,30,1
4122,30,1
4123,31,1
4124,31,1
4125,31,1
4126,31,1
4127,31,1
4128,31,1
4129,31,1
4130,31,1
4131,31,1
4132,31,1
4133,31,1
4134,31,1
4135,31,1
4136,31,1
4137,31,1
4138,31,1
4139,31,1
4140,31,1
4141,31,1
4142,31,1
4143,31,1
4144,31,1
4145,31,1
4146,31,1
4147,31,1
4148,31,1
4149,31,1
4150,31,1
4151,31,1
4152,31,1
4153,31,1
4154,31,1
4155,31,1
4156,31,1
4157,31,1
4158,31,1
4159,31,1
4160,31,1
4161,31,1
4162,31,1
4163,31,1
4164,30,1
4165,30,1
4166,30,1
4167,30,1
4168,30,1
4169,30,1
4170,31,1
4171,31,1
4172,31,1
4173,31,1
4174,31,1
4175,32,1
4176,32,1
4177,32,1
4178,32,1
4179,32,1
4180,32,1
4181,32,1
4182,32,1
4183,32,1
4184,32,1
4185,32,1
4186,32,1
4187,32,1
4188,32,1
4189,32,1
4190,32,1
4191,32,1
4192,32,1
4193,32,1
4194,32,1
4195,32,1
4196,32,1
4197,32,1
4198,32,1
4199,32,1
4200,32,1
4201,32,1
4202,32,1
4203,33,1
4204,33,1
4205,33,1
4206,33,1
4207,34,1
4208,34,1
4209,34,1
4210,34,1
4211,34,1
4212,33,1
4213,33,1
4214,34,1
4215,34,1
4216,34,1
4217,34,1
4218,34,1
4219,34,1
4220,34,1
4221,34,1
4222,34,1
4223,34,1
4224,34,1
4225,34,1
4226,34,1
4227,34,1
4228,34,1
4229,34,1
4230,34,1
4231,34,1
4232,34,1
4233,34,1
4234,34,1
4235,34,1
4236,34,1
4237,34,1
4238,34,1
4239,34,1
4240,34,1
4241,34,1
4242,34,1
4243,34,1
4244,33,1
4245,33,1
4246,33,1
4247,33,1
4248,33,1
4249,33,1
4250,33,1
4251,33,1
4252,33,1
4253,33,1
4254,33,1
4255,33,1
4256,33,1
4257,33,1
4258,33,1
4259,33,1
4260,33,1
4261,33,1
4262,33,1
4263,33,1
4264,33,1
4265,33,1
4266,33,1
4267,33,1
4268,33,1
4269,33,1
4270,33,1
4271,33,1
4272,33,1
4273,33,1
4274,33,1
4275,33,1
4276,33,1
4277,32,1
4278,32,1
4279,32,1
4280,32,1
4281,32,1
4282,32,1
4283,32,1
4284,32,1
4285,32,1
4286,32,1
4287,32,1
4288,32,1
4289,31,1
4290,31,1
4291,31,1
4292,31,1
4293,31,1
4294,31,1
4295,32,1
4296,32,1
4297,32,1
4298,32,1
4299,32,1
4300,32,1
4301,32,1
4302,32,1
4303,32,1
4304,32,1
4305,32,1
4306,32,1
4307,32,1
4308,32,1
4309,32,1
4310,32,1
4311,32,1
4312,32,1
4313,32,1
4314,32,1
4315,32,1
4316,32,1
4317,32,1
4318,32,1
4319,32,1
4320,32,1
4321,32,1
4322,32,1
4323,32,1
4324,32,1
4325,32,1
4326,32,1
4327,32,1
4328,32,1
4329,32,1
4330,32,1
4331,32,1
4332,32,1
4333,32,1
4334,32,1
4335,32,1
4336,32,1
4337,32,1
4338,32,1
4339,32,1
4340,32,1
4341,32,1
4342,32,1
4343,32,1
4344,32,1
4345,32,1
4346,32,1
4347,32,1
4348,32,1
4349,32,1
4350,32,1
4351,32,1
4352,32,1
4353,32,1
4354,32,1
4355,32,1
4356,32,1
4357,32,1
4358,32,1
4359,32,1
4360,32,1
4361,32,1
4362,32,1
4363,32,1
4364,32,1
4365,32,1
4366,32,1
4367,32,1
4368,32,1
4369,32,1
4370,32,1
4371,32,1
4372,32,1
4373,32,1
4374,32,1
4375,32,1
4376,32,1
4377,32,1
4378,32,1
4379,32,1
4380,32,1
4381,32,1
4382,32,1
4383,32,1
4384,32,1
4385,32,1
4386,32,1
4387,32,1
4388,31,1
4389,31,1
4390,31,1
4391,31,1
4392,31,1
4393,30,1
4394,31,1
4395,31,1
4396,31,1
4397,31,1
4398,31,1
4399,31,1
4400,31,1
4401,31,1
4402,31,1
4403,31,1
4404,31,1
4405,31,1
4406,31,1
4407,31,1
4408,31,1
4409,31,1
4410,31,1
4411,31,1
4412,31,1
4413,31,1
4414,31,1
4415,31,1
4416,31,1
4417,31,1
4418,31,1
4419,31,1
4420,31,1
4421,31,1
4422,31,1
4423,31,1
4424,31,1
4425,31,1
4426,31,1
4427,31,1
4428,31,1
4429,31,1
4430,31,1
4431,31,1
4432,31,1
4433,31,1
4434,31,1
4435,31,1
4436,31,1
4437,31,1
4438,31,1
4439,31,1
4440,31,1
4441,31,1
4442,31,1
4443,31,1
4444,31,1
4445,31,1
4446,31,1
4447,31,1
4448,31,1
4449,31,1
4450,31,1
4451,31,1
4452,31,1
4453,31,1
4454,31,1
4455,31,1
4456,31,1
4457,31,1
4458,31,1
4459,31,1
4460,31,1
4461,31,1
4462,31,1
4463,31,1
4464,31,1
4465,31,1
4466,31,1
4467,31,1
4468,31,1
4469,31,1
4470,31,1
4471,31,1
4472,31,1
4473,31,1
4474,31,1
4475,31,1
4476,31,1
4477,31,1
4478,31,1
4479,31,1
4480,31,1
4481,31,1
4482,31,1
4483,31,1
4484,31,1
4485,31,1
4486,31,1
4487,30,1
4488,30,1
4489,30,1
4490,30,1
4491,30,1
4492,30,1
4493,30,1
4494,30,1
4495,30,1
4496,31,1
4497,31,1
4498,31,1
4499,31,1
4500,31,1
4501,31,1
4502,31,1
4503,31,1
4504,31,1
4505,31,1
4506,32,1
4507,32,1
4508,32,1
4509,32,1
4510,32,1
4511,32,1
4512,32,1
4513,32,1
4514,32,1
4515,32,1
4516,33,1
4517,33,1
4518,33,1
4519,33,1
4520,33,1
4521,34,1
4522,34,1
4523,34,1
4524,34,1
4525,34,1
4526,34,1
4527,34,1
4528,34,1
4529,34,1
4530,34,1
4531,34,1
4532,34,1
4533,34,1
4534,34,1
4535,34,1
4536,34,1
4537,34,1
4538,34,1
4539,34,1
4540,34,1
4541,34,1
4542,34,1
4543,34,1
4544,34,1
4545,34,1
4546,34,1
4547,34,1
4548,34,1
4549,34,1
4550,34,1
4551,34,1
4552,34,1
4553,34,1
4554,34,1
4555,34,1
4556,34,1
4557,34,1
4558,34,1
4559,34,1
4560,34,1
4561,34,1
4562,34,1
4563,34,1
4564,34,1
4565,34,1
4566,34,1
4567,34,1
4568,34,1
4569,34,1
4570,34,1
4571,34,1
4572,34,1
4573,34,1
4574,34,1
4575,34,1
4576,34,1
4577,34,1
4578,34,1
4579,34,1
4580,34,1
4581,34,1
4582,34,1
4583,34,1
4584,34,1
4585,34,1
4586,33,1
4587,33,1
4588,34,1
4589,34,1
4590,34,1
4591,34,1
4592,34,1
4593,34,1
4594,34,1
4595,34,1
4596,34,1
4597,34,1
4598,34,1
4599,34,1
4600,34,1
4601,34,1
4602,34,1
4603,34,1
4604,34,1
4605,34,1
4606,34,1
4607,34,1
4608,34,1
4609,34,1
4610,34,1
4611,34,1
4612,34,1
4613,34,1
4614,34,1
4615,34,1
4616,34,1
4617,34,1
4618,34,1
4619,34,1
4620,34,1
4621,34,1
4622,34,1
4623,34,1
4624,35,1
4625,35,1
4626,35,1
4627,36,1
4628,36,1
4629,37,1
4630,37,1
4631,37,1
4632,37,1
4633,37,1
4634,37,1
4635,37,1
4636,37,1
4637,37,1
4638,37,1
4639,37,1
4640,37,1
4641,37,1
4642,37,1
4643,37,1
4644,37,1
4645,37,1
4646,37,1
4647,37,1
4648,37,1
4649,37,1
4650,37,1
4651,38,1
4652,38,1
4653,38,1
4654,38,1
4655,38,1
4656,38,1
4657,38,1
4658,38,1
4659,38,1
4660,38,1
4661,38,1
4662,38,1
4663,38,1
4664,38,1
4665,38,1
4666,38,1
4667,38,1
4668,38,1
4669,39,1
4670,39,1
4671,39,1
4672,39,1
4673,39,1
4674,39,1
4675,39,1
4676,39,1
4677,39,1
4678,39,1
4679,39,1
4680,39,1
4681,39,1
4682,39,1
4683,39,1
4684,39,1
4685,38,1
4686,38,1
4687,38,1
4688,38,1
4689,38,1
4690,38,1
4691,38,1
4692,38,1
4693,38,1
4694,37,1
4695,37,1
4696,37,1
4697,37,1
4698,37,1
4699,37,1
4700,37,1
4701,37,1
4702,37,1
4703,37,1
4704,37,1
4705,37,1
4706,37,1
4707,37,1
4708,37,1
4709,37,1
4710,37,1
4711,37,1
4712,37,1
4713,37,1
4714,37,1
4715,37,1
4716,37,1
4717,37,1
4718,37,1
4719,37,1
4720,37,1
4721,37,1
4722,37,1
4723,37,1
4724,37,1
4725,37,1
4726,37,1
4727,36,1
4728,36,1
4729,36,1
4730,36,1
4731,36,1
4732,36,1
4733,36,1
4734,36,1
4735,36,1
4736,36,1
4737,36,1
4738,36,1
4739,36,1
4740,36,1
4741,36,1
4742,36,1
4743,36,1
4744,36,1
4745,35,1
4746,35,1
4747,35,1
4748,35,1
4749,35,1
4750,35,1
4751,35,1
4752,35,1
4753,35,1
4754,35,1
4755,35,1
4756,35,1
4757,35,1
4758,35,1
4759,35,1
4760,35,1
4761,35,1
4762,35,1
4763,35,1
4764,35,1
4765,35,1
4766,35,1
4767,35,1
4768,35,1
4769,35,1
4770,35,1
4771,35,1
4772,35,1
4773,35,1
4774,35,1
4775,35,1
4776,35,1
4777,35,1
4778,35,1
4779,35,1
4780,36,1
4781,36,1
4782,36,1
4783,36,1
4784,36,1
4785,36,1
4786,36,1
4787,36,1
4788,36,1
4789,36,1
4790,36,1
4791,36,1
4792,36,1
4793,35,1
4794,35,1
4795,35,1
4796,36,1
4797,36,1
4798,36,1
4799,36,1
4800,37,1
4801,37,1
4802,37,1
4803,37,1
4804,37,1
4805,37,1
4806,37,1
4807,37,1
4808,37,1
4809,37,1
4810,37,1
4811,37,1
4812,37,1
4813,37,1
4814,37,1
4815,38,1
4816,38,1
4817,38,1
4818,38,1
4819,38,1
4820,38,1
4821,38,1
4822,38,1
4823,38,1
4824,38,1
4825,38,1
4826,38,1
4827,38,1
4828,38,1
4829,38,1
4830,38,1
4831,38,1
4832,38,1
4833,38,1
4834,38,1
4835,38,1
4836,38,1
4837,38,1
4838,38,1
4839,38,1
4840,38,1
4841,38,1
4842,38,1
4843,38,1
4844,38,1
4845,38,1
4846,38,1
4847,38,1
4848,38,1
4849,38,1
4850,38,1
4851,38,1
4852,38,1
4853,38,1
4854,38,1
4855,38,1
4856,38,1
4857,38,1
4858,38,1
4859,38,1
4860,38,1
4861,38,1
4862,38,1
4863,38,1
4864,38,1
4865,38,1
4866,38,1
4867,37,1
4868,37,1
4869,37,1
4870,37,1
4871,37,1
4872,37,1
4873,37,1
4874,37,1
4875,37,1
4876,37,1
4877,37,1
4878,37,1
4879,37,1
4880,37,1
4881,37,1
4882,37,1
4883,37,1
4884,37,1
4885,37,1
4886,37,1
4887,37,1
4888,37,1
4889,37,1
4890,37,1
4891,37,1
4892,37,1
4893,37,1
4894,37,1
4895,37,1
4896,37,1
4897,37,1
4898,37,1
4899,37,1
4900,37,1
4901,37,1
4902,37,1
4903,37,1
4904,37,1
4905,37,1
4906,37,1
4907,37,1
4908,37,1
4909,37,1
4910,37,1
4911,37,1
4912,37,1
4913,37,1
4914,37,1
4915,37,1
4916,37,1
4917,37,1
4918,37,1
4919,37,1
4920,37,1
4921,37,1
4922,37,1
4923,37,1
4924,37,1
4925,37,1
4926,37,1
4927,37,1
4928,37,1
4929,37,1
4930,37,1
4931,37,1
4932,37,1
4933,37,1
4934,37,1
4935,37,1
4936,37,1
4937,37,1
4938,37,1
4939,37,1
4940,37,1
4941,37,1
4942,37,1
4943,37,1
4944,37,1
4945,37,1
4946,37,1
4947,37,1
4948,37,1
4949,37,1
4950,37,1
4951,37,1
4952,37,1
4953,37,1
4954,37,1
4955,37,1
4956,37,1
4957,37,1
4958,37,1
4959,37,1
4960,37,1
4961,37,1
4962,37,1
4963,37,1
4964,37,1
4965,37,1
4966,37,1
4967,37,1
4968,37,1
4969,37,1
4970,37,1
4971,37,1
4972,38,2
4973,38,2
4974,38,2
4975,38,2
4976,38,2
4977,38,2
4978,38,2
4979,38,2
4980,38,2
4981,38,2
4982,38,2
4983,38,2
4984,38,2
4985,38,2
4986,38,2
4987,38,2
4988,38,2
4989,38,2
4990,38,2
4991,38,2
4992,38,2
4993,38,2
4994,38,2
4995,38,2
4996,38,2
4997,38,2
4998,38,2
4999,38,2
5000,38,2
5001,38,2
5002,38,2
5003,38,2
5004,38,2
5005,38,2
5006,38,2
5007,38,2
5008,38,2
5009,38,2
5010,38,2
5011,38,2
5012,38,2
5013,38,2
5014,38,2
5015,38,2
5016,38,2
5017,38,2
5018,38,2
5019,38,2
5020,38,2
5021,38,2
5022,38,2
5023,38,2
5024,38,2
5025,38,2
5026,38,2
5027,38,2
5028,38,2
5029,38,2
5030,38,2
5031,38,2
5032,38,2
5033,38,2
5034,37,2
5035,37,2
5036,37,2
5037,37,2
5038,37,2
5039,37,2
5040,37,2
5041,37,2
5042,37,2
5043,37,2
5044,37,2
5045,37,2
5046,37,2
5047,37,2
5048,37,2
5049,37,2
5050,37,2
5051,38,2
5052,38,2
5053,38,2
5054,38,2
5055,38,2
5056,38,2
5057,38,2
5058,38,2
5059,38,2
5060,38,2
5061,38,2
5062,38,2
5063,38,2
5064,38,2
5065,38,2
5066,38,2
5067,38,2
5068,38,2
5069,38,2
5070,37,2
5071,37,2
5072,37,2
5073,37,2
5074,37,2
5075,37,2
5076,37,2
5077,37,2
5078,37,2
5079,37,2
5080,37,2
5081,37,2
5082,36,2
5083,36,2
5084,36,2
5085,36,2
5086,36,2
5087,36,2
5088,36,2
5089,36,2
5090,36,2
5091,35,2
5092,35,2
5093,35,2
5094,35,2
5095,35,2
5096,35,2
5097,35,2
5098,35,2
5099,35,2
5100,35,2
5101,35,2
5102,35,2
5103,35,2
5104,35,2
5105,35,2
5106,35,2
5107,35,2
5108,35,2
5109,35,2
5110,35,2
5111,35,2
5112,35,2
5113,35,2
5114,35,2
5115,35,2
5116,35,2
5117,35,2
5118,35,2
5119,35,2
5120,35,2
5121,35,2
5122,35,2
5123,35,2
5124,35,2
5125,35,2
5126,35,2
5127,35,2
5128,35,2
5129,35,2
5130,35,2
5131,35,2
5132,35,2
5133,35,2
5134,35,2
5135,35,2
5136,35,2
5137,35,2
5138,35,2
5139,35,2
5140,35,2
5141,35,2
5142,35,2
5143,35,2
5144,35,2
5145,35,2
5146,35,2
5147,35,2
5148,35,2
5149,35,2
5150,35,2
5151,35,2
5152,35,2
5153,35,2
5154,35,2
5155,35,2
5156,35,2
5157,35,2
5158,35,2
5159,34,2
5160,34,2
5161,34,2
5162,34,2
5163,34,2
5164,34,2
5165,34,2
5166,34,2
5167,34,2
5168,34,2
5169,34,2
5170,34,2
5171,34,2
5172,34,2
5173,34,2
5174,34,2
5175,34,2
5176,35,2
5177,35,2
5178,35,2
5179,35,2
5180,35,2
5181,35,2
5182,35,2
5183,35,2
5184,35,2
5185,35,2
5186,35,2
5187,35,2
5188,35,2
5189,35,2
5190,36,2
5191,36,2
5192,36,2
5193,36,2
5194,36,2
5195,36,2
5196,36,2
5197,36,2
5198,36,2
5199,36,2
5200,36,2
5201,36,2
5202,37,2
5203,37,2
5204,37,2
5205,38,2
5206,38,2
5207,38,2
5208,38,2
5209,38,2
5210,38,2
5211,38,2
5212,38,2
5213,38,2
5214,38,2
5215,38,2
5216,38,2
5217,37,2
5218,37,2
5219,37,2
5220,37,2
5221,37,2
5222,37,2
5223,37,2
5224,38,2
5225,38,2
5226,38,2
5227,38,2
5228,38,2
5229,38,2
5230,38,2
5231,38,2
5232,38,2
5233,38,2
5234,38,2
5235,38,2
5236,38,2
5237,38,2
5238,37,2
5239,37,2
5240,37,2
5241,37,2
5242,37,2
5243,37,2
5244,37,2
5245,37,2
5246,37,2
5247,37,2
5248,37,2
5249,37,2
5250,37,2
5251,37,2
5252,37,2
5253,37,2
5254,37,2
5255,37,2
5256,37,2
5257,37,2
5258,37,2
5259,37,2
5260,37,2
5261,37,2
5262,37,2
5263,37,2
5264,37,2
5265,37,2
5266,37,2
5267,37,2
5268,37,2
5269,37,2
5270,37,2
5271,37,2
5272,37,2
5273,37,2
5274,37,2
5275,37,2
5276,37,2
5277,37,2
5278,37,2
5279,37,2
5280,37,2
5281,37,2
5282,37,2
5283,37,2
5284,37,2
5285,37,2
5286,37,2
5287,37,2
5288,37,2
5289,37,2
5290,37,2
5291,37,2
5292,38,2
5293,38,2
5294,38,2
5295,38,2
5296,38,2
5297,38,2
5298,38,2
5299,38,2
5300,38,2
5301,38,2
5302,38,2
5303,38,2
5304,38,2
5305,38,2
5306,38,2
5307,38,2
5308,38,2
5309,38,2
5310,38,2
5311,38,2
5312,38,2
5313,38,2
5314,38,2
5315,38,2
5316,38,2
5317,38,2
5318,38,2
5319,38,2
5320,38,2
5321,38,2
5322,38,2
5323,38,2
5324,38,2
5325,38,2
5326,38,2
5327,38,2
5328,38,2
5329,38,2
5330,38,2
5331,38,2
5332,38,2
5333,38,2
5334,38,2
5335,38,2
5336,38,2
5337,37,2
5338,37,2
5339,37,2
5340,37,2
5341,37,2
5342,37,2
5343,37,2
5344,37,2
5345,37,2
5346,37,2
5347,37,2
5348,37,2
5349,37,2
5350,37,2
5351,37,2
5352,37,2
5353,37,2
5354,37,2
5355,38,2
5356,38,2
5357,38,2
5358,38,2
5359,38,2
5360,38,2
5361,38,2
5362,38,2
5363,38,2
5364,38,2
5365,38,2
5366,38,2
5367,38,2
5368,38,2
5369,38,2
5370,38,2
5371,38,2
5372,38,2
5373,38,2
5374,38,2
5375,38,2
5376,38,2
5377,38,2
5378,38,2
5379,38,2
5380,38,2
5381,38,2
5382,38,2
5383,38,2
5384,38,2
5385,38,2
5386,38,2
5387,38,2
5388,38,2
5389,38,2
5390,38,2
5391,38,2
5392,38,2
5393,38,2
5394,38,2
5395,38,2
5396,38,2
5397,38,2
5398,38,2
5399,38,2
5400,38,2
5401,38,2
5402,39,2
5403,39,2
5404,39,2
5405,39,2
5406,39,2
5407,39,2
5408,39,2
5409,39,2
5410,39,2
5411,39,2
5412,39,2
5413,38,2
5414,38,2
5415,38,2
5416,38,2
5417,38,2
5418,38,2
5419,38,2
5420,38,2
5421,38,2
5422,38,2
5423,38,2
5424,38,2
5425,38,2
5426,38,2
5427,38,2
5428,38,2
5429,38,2
5430,38,2
5431,38,2
5432,38,2
5433,38,2
5434,38,2
5435,38,2
5436,38,2
5437,38,2
5438,38,2
5439,38,2
5440,38,2
5441,38,2
5442,38,2
5443,38,2
5444,38,2
5445,38,2
5446,38,2
5447,38,2
5448,38,2
5449,38,2
5450,38,2
5451,38,2
5452,38,2
5453,38,2
5454,38,2
5455,38,2
5456,38,2
5457,38,2
5458,38,2
5459,38,2
5460,38,2
5461,38,2
5462,38,2
5463,38,2
5464,38,2
5465,38,2
5466,38,2
5467,38,2
5468,38,2
5469,38,2
5470,38,2
5471,37,2
5472,37,2
5473,37,2
5474,37,2
5475,37,2
5476,37,2
5477,37,2
5478,37,2
5479,37,2
5480,37,2
5481,36,2
5482,36,2
5483,36,2
5484,36,2
5485,36,2
5486,36,2
5487,36,2
5488,36,2
5489,36,2
5490,36,2
5491,36,2
5492,36,2
5493,36,2
5494,36,2
5495,36,2
5496,36,2
5497,36,2
5498,36,2
5499,36,2
5500,36,2
5501,36,2
5502,36,2
5503,36,2
5504,36,2
5505,36,2
5506,36,2
5507,36,2
5508,36,2
5509,36,2
5510,36,2
5511,36,2
5512,36,2
5513,36,2
5514,36,2
5515,36,2
5516,36,2
5517,36,2
5518,36,2
5519,36,2
5520,36,2
5521,36,2
5522,36,2
5523,36,2
5524,36,2
5525,36,2
5526,36,2
5527,36,2
5528,36,2
5529,36,2
5530,36,2
5531,36,2
5532,36,2
5533,36,2
5534,36,2
5535,36,2
5536,36,2
5537,36,2
5538,36,2
5539,36,2
5540,36,2
5541,36,2
5542,36,2
5543,36,2
5544,36,2
5545,36,2
5546,36,2
5547,36,2
5548,36,2
5549,36,2
5550,36,2
5551,36,2
5552,36,2
5553,36,2
5554,36,2
5555,36,2
5556,36,2
5557,35,2
5558,35,2
5559,35,2
5560,35,2
5561,35,2
5562,35,2
5563,35,2
5564,35,2
5565,35,2
5566,35,2
5567,35,2
5568,35,2
5569,35,2
5570,35,2
5571,35,2
5572,35,2
5573,35,2
5574,35,2
5575,35,2
5576,35,2
5577,35,2
5578,35,2
5579,35,2
5580,35,2
5581,35,2
5582,35,2
5583,35,2
5584,35,2
5585,35,2
5586,35,2
5587,35,2
5588,35,2
5589,35,2
5590,34,2
5591,34,2
5592,34,2
5593,34,2
5594,34,2
5595,34,2
5596,34,2
5597,34,2
5598,34,2
5599,34,2
5600,34,2
5601,34,2
5602,34,2
5603,34,2
5604,34,2
5605,34,2
5606,34,2
5607,34,2
5608,34,2
5609,34,2
5610,34,2
5611,34,2
5612,34,2
5613,34,2
5614,34,2
5615,34,2
5616,34,2
5617,34,2
5618,34,2
5619,34,2
5620,34,2
5621,34,2
5622,34,2
5623,34,2
5624,34,2
5625,34,2
5626,34,2
5627,34,2
5628,34,2
5629,34,2
5630,34,2
5631,34,2
5632,34,2
5633,34,2
5634,34,2
5635,34,2
5636,34,2
5637,34,2
5638,34,2
5639,34,2
5640,34,2
5641,34,2
5642,34,2
5643,34,2
5644,34,2
5645,34,2
5646,34,2
5647,34,2
5648,34,2
5649,34,2
5650,34,2
5651,34,2
5652,34,2
5653,34,2
5654,34,2
5655,34,2
5656,34,2
5657,34,2
5658,34,2
5659,34,2
5660,34,2
5661,34,2
5662,34,2
5663,34,2
5664,34,2
5665,34,2
5666,34,2
5667,34,2
5668,34,2
5669,34,2
5670,34,2
5671,33,2
5672,33,2
5673,33,2
5674,33,2
5675,33,2
5676,33,2
5677,33,2
5678,33,2
5679,33,2
5680,33,2
5681,33,2
5682,33,2
5683,33,2
5684,33,2
5685,33,2
5686,33,2
5687,33,2
5688,33,2
5689,33,2
5690,33,2
5691,33,2
5692,33,2
5693,33,2
5694,33,2
5695,33,2
5696,33,2
5697,33,2
5698,33,2
5699,33,2
5700,33,2
5701,33,2
5702,33,2
5703,33,2
5704,33,2
5705,33,2
5706,33,2
5707,33,2
5708,33,2
5709,33,2
5710,33,2
5711,33,2
5712,33,2
5713,33,2
5714,33,2
5715,33,2
5716,33,2
5717,33,2
5718,33,2
5719,33,2
5720,33,2
5721,33,2
5722,33,2
5723,33,2
5724,33,2
5725,33,2
5726,33,2
5727,33,2
5728,33,2
5729,33,2
5730,33,2
5731,33,2
5732,33,2
5733,33,2
5734,33,2
5735,33,2
5736,33,2
5737,33,2
5738,33,2
5739,33,2
5740,33,2
5741,33,2
5742,33,2
5743,33,2
5744,33,2
5745,33,2
5746,33,2
5747,33,2
5748,33,2
5749,33,2
5750,33,2
5751,33,2
5752,33,2
5753,33,2
5754,33,2
5755,33,2
5756,33,2
5757,33,2
5758,32,2
5759,32,2
5760,32,2
5761,32,2
5762,32,2
5763,32,2
5764,32,2
5765,32,2
5766,32,2
5767,32,2
5768,32,2
5769,32,2
5770,32,2
5771,32,2
5772,32,2
5773,32,2
5774,32,2
5775,32,2
5776,32,2
5777,32,2
5778,32,2
5779,32,2
5780,32,2
5781,32,2
5782,32,2
5783,32,2
5784,31,2
5785,31,2
5786,31,2
5787,32,2
5788,32,2
5789,32,2
5790,32,2
5791,32,2
5792,32,2
5793,32,2
5794,32,2
5795,32,2
5796,32,2
5797,32,2
5798,32,2
5799,32,2
5800,32,2
5801,32,2
5802,32,2
5803,32,2
5804,32,2
5805,32,2
5806,31,2
5807,31,2
5808,31,2
5809,31,2
5810,31,2
5811,31,2
5812,31,2
5813,31,2
5814,31,2
5815,31,2
5816,31,2
5817,31,2
5818,31,2
5819,31,2
5820,31,2
5821,31,2
5822,31,2
5823,31,2
5824,31,2
5825,31,2
5826,31,2
5827,31,2
5828,31,2
5829,31,2
5830,31,2
5831,31,2
5832,31,2
5833,31,2
5834,31,2
5835,31,2
5836,31,2
5837,31,2
5838,31,2
5839,31,2
5840,31,2
5841,31,2
5842,31,2
5843,31,2
5844,31,2
5845,31,2
5846,31,2
5847,31,2
5848,31,2
5849,31,2
5850,31,2
5851,31,2
5852,31,2
5853,31,2
5854,31,2
5855,31,2
5856,31,2
5857,31,2
5858,31,2
5859,31,2
5860,31,2
5861,31,2
5862,31,2
5863,31,2
5864,31,2
5865,31,2
5866,31,2
5867,31,2
5868,31,2
5869,31,2
5870,31,2
5871,31,2
5872,31,2
5873,31,2
5874,31,2
5875,31,2
5876,31,2
5877,31,2
5878,31,2
5879,31,2
5880,31,2
5881,31,2
5882,31,2
5883,31,2
5884,31,2
5885,31,2
5886,31,2
5887,31,2
5888,31,2
5889,31,2
5890,31,2
5891,31,2
5892,31,2
5893,31,2
5894,31,2
5895,31,2
5896,31,2
5897,31,2
5898,31,2
5899,31,2
5900,31,2
5901,31,2
5902,31,2
5903,31,2
5904,31,2
5905,31,2
5906,31,2
5907,32,2
5908,32,2
5909,32,2
5910,32,2
5911,32,2
5912,32,2
5913,32,2
5914,32,2
5915,32,2
5916,32,2
5917,32,2
5918,32,2
5919,32,2
5920,32,2
5921,32,2
5922,32,2
5923,32,2
5924,32,2
5925,32,2
5926,31,2
5927,31,2
5928,31,2
5929,31,2
5930,31,2
5931,31,2
5932,31,2
5933,31,2
5934,31,2
5935,31,2
5936,31,2
5937,31,2
5938,31,2
5939,31,2
5940,31,2
5941,31,2
5942,31,2
5943,31,2
5944,31,2
5945,31,2
5946,31,2
5947,31,2
5948,31,2
5949,31,2
5950,31,2
5951,31,2
5952,31,2
5953,31,2
5954,31,2
5955,31,2
5956,31,2
5957,31,2
5958,31,2
5959,31,2
5960,31,2
5961,31,2
5962,31,2
5963,31,2
5964,31,2
5965,31,2
5966,31,2
5967,31,2
5968,31,2
5969,30,2
5970,30,2
5971,30,2
5972,30,2
5973,30,2
5974,30,2
5975,30,2
5976,30,2
5977,30,2
5978,30,2
5979,30,2
5980,30,2
5981,30,2
5982,30,2
5983,30,2
5984,30,2
5985,30,2
5986,30,2
5987,30,2
5988,31,2
5989,31,2
5990,31,2
5991,31,2
5992,31,2
5993,31,2
5994,31,2
5995,31,2
5996,31,2
5997,31,2
5998,31,2
5999,31,2
6000,31,2
6001,31,2
6002,31,2
6003,31,2
6004,31,2
6005,31,2
6006,31,2
6007,31,2
6008,31,2
6009,31,2
6010,31,2
6011,31,2
6012,31,2
6013,31,2
6014,31,2
6015,31,2
6016,31,2
6017,31,2
6018,31,2
6019,31,2
6020,31,2
6021,31,2
6022,31,2
6023,31,2
6024,31,2
6025,31,2
6026,31,2
6027,31,2
6028,31,2
6029,31,2
6030,31,2
6031,31,2
6032,31,2
6033,31,2
6034,31,2
6035,31,2
6036,31,2
6037,31,2
6038,31,2
6039,31,2
6040,31,2
6041,31,2
6042,31,2
6043,31,2
6044,31,2
6045,31,2
6046,31,2
6047,31,2
6048,31,2
6049,31,2
6050,31,2
6051,31,2
6052,31,2
6053,31,2
6054,31,2
6055,31,2
6056,31,2
6057,31,2
6058,31,2
6059,31,2
6060,31,2
6061,31,2
6062,31,2
6063,31,2
6064,31,2
6065,31,2
6066,31,2
6067,31,2
6068,31,2
6069,31,2
6070,31,2
6071,31,2
6072,31,2
6073,31,2
6074,31,2
6075,31,2
6076,31,2
6077,31,2
6078,31,2
6079,31,2
6080,31,2
6081,31,2
6082,31,2
6083,31,2
6084,31,2
6085,31,2
6086,32,2
6087,32,2
6088,32,2
6089,32,2
6090,32,2
6091,32,2
6092,32,2
6093,32,2
6094,32,2
6095,32,2
6096,32,2
6097,32,2
6098,32,2
6099,32,2
6100,32,2
6101,32,2
6102,32,2
6103,32,2
6104,32,2
6105,32,2
6106,32,2
6107,32,2
6108,32,2
6109,32,2
6110,32,2
6111,32,2
6112,32,2
6113,32,2
6114,32,2
6115,32,2
6116,32,2
6117,32,2
6118,32,2
6119,32,2
6120,32,2
6121,32,2
6122,32,2
6123,32,2
6124,32,2
6125,32,2
6126,32,2
6127,32,2
6128,32,2
6129,32,2
6130,32,2
6131,32,2
6132,32,2
6133,32,2
6134,32,2
6135,32,2
6136,32,2
6137,32,2
6138,32,2
6139,32,2
6140,32,2
6141,32,2
6142,32,2
6143,32,2
6144,32,2
6145,32,2
6146,32,2
6147,32,2
6148,32,2
6149,32,2
6150,32,2
6151,32,2
6152,32,2
6153,32,2
6154,32,2
6155,32,2
6156,32,2
6157,32,2
6158,32,2
6159,32,2
6160,32,2
6161,32,2
6162,32,2
6163,32,2
6164,32,2
6165,32,2
6166,32,2
6167,32,2
6168,32,2
6169,32,2
6170,32,2
6171,32,2
6172,32,2
6173,32,2
6174,32,2
6175,32,2
6176,32,2
6177,32,2
6178,32,2
6179,32,2
6180,32,2
6181,32,2
6182,32,2
6183,32,2
6184,32,2
6185,32,2
6186,32,2
6187,32,2
6188,32,2
6189,32,2
6190,32,2
6191,32,2
6192,32,2
6193,32,2
6194,32,2
6195,32,2
6196,32,2
6197,32,2
6198,32,2
6199,32,2
6200,32,2
6201,32,2
6202,32,2
6203,32,2
6204,32,2
6205,32,2
6206,33,2
6207,33,2
6208,33,2
6209,33,2
6210,33,2
6211,33,2
6212,33,2
6213,33,2
6214,33,2
6215,33,2
6216,33,2
6217,33,2
6218,33,2
6219,33,2
6220,33,2
6221,33,2
6222,33,2
6223,33,2
6224,33,2
6225,33,2
6226,33,2
6227,33,2
6228,33,2
6229,33,2
6230,33,2
6231,33,2
6232,33,2
6233,33,2
6234,33,2
6235,33,2
6236,33,2
6237,33,2
6238,33,2
6239,33,2
6240,33,2
6241,33,2
6242,33,2
6243,33,2
6244,33,2
6245,33,2
6246,33,2
6247,33,2
6248,33,2
6249,33,2
6250,33,2
6251,33,2
6252,33,2
6253,33,2
6254,33,2
6255,33,2
6256,33,2
6257,33,2
6258,33,2
6259,33,2
6260,34,2
6261,34,2
6262,34,2
6263,34,2
6264,34,2
6265,34,2
6266,34,2
6267,34,2
6268,34,2
6269,34,2
6270,34,2
6271,34,2
6272,34,2
6273,34,2
6274,34,2
6275,34,2
6276,34,2
6277,34,2
6278,34,2
6279,34,2
6280,34,2
6281,34,2
6282,34,2
6283,34,2
6284,34,2
6285,34,2
6286,34,2
6287,34,2
6288,35,2
6289,35,2
6290,35,2
6291,35,2
6292,35,2
6293,35,2
6294,35,2
6295,35,2
6296,35,2
6297,35,2
6298,35,2
6299,35,2
6300,35,2
6301,35,2
6302,35,2
6303,35,2
6304,35,2
6305,35,2
6306,35,2
6307,35,2
6308,35,2
6309,35,2
6310,35,2
6311,35,2
6312,35,2
6313,35,2
6314,35,2
6315,35,2
6316,35,2
6317,35,2
6318,35,2
6319,35,2
6320,35,2
6321,35,2
6322,35,2
6323,35,2
6324,35,2
6325,35,2
6326,35,2
6327,35,2
6328,35,2
6329,35,2
6330,35,2
6331,35,2
6332,35,2
6333,35,2
6334,35,2
6335,35,2
6336,35,2
6337,35,2
6338,35,2
6339,35,2
6340,35,2
6341,35,2
6342,35,2
6343,35,2
6344,35,2
6345,35,2
6346,35,2
6347,35,2
6348,35,2
6349,35,2
6350,35,2
6351,35,2
6352,35,2
6353,35,2
6354,35,2
6355,35,2
6356,35,2
6357,35,2
6358,35,2
6359,35,2
6360,35,2
6361,35,2
6362,35,2
6363,35,2
6364,35,2
6365,35,2
6366,35,2
6367,35,2
6368,35,2
6369,35,2
6370,35,2
6371,35,2
6372,35,2
6373,35,2
6374,35,2
6375,35,2
6376,35,2
6377,35,2
6378,35,2
6379,35,2
6380,35,2
6381,35,2
6382,35,2
6383,35,2
6384,35,2
6385,35,2
6386,35,2
6387,35,2
6388,35,2
6389,35,2
6390,35,2
6391,35,2
6392,35,2
6393,35,2
6394,35,2
6395,35,2
6396,35,2
6397,35,2
6398,35,2
6399,35,2
6400,35,2
6401,35,2
6402,35,2
6403,35,2
6404,35,2
6405,35,2
6406,34,2
6407,34,2
6408,34,2
6409,34,2
6410,34,2
6411,34,2
6412,34,2
6413,34,2
6414,34,2
6415,34,2
6416,34,2
6417,34,2
6418,34,2
6419,34,2
6420,34,2
6421,34,2
6422,34,2
6423,34,2
6424,34,2
6425,34,2
6426,34,2
6427,34,2
6428,34,2
6429,34,2
6430,34,2
6431,34,2
6432,34,2
6433,34,2
6434,34,2
6435,34,2
6436,34,2
6437,34,2
6438,34,2
6439,34,2
6440,35,2
6441,35,2
6442,35,2
6443,35,2
6444,35,2
6445,35,2
6446,35,2
6447,35,2
6448,35,2
6449,35,2
6450,35,2
6451,35,2
6452,35,2
6453,35,2
6454,35,2
6455,35,2
6456,35,2
6457,35,2
6458,35,2
6459,35,2
6460,35,2
6461,35,2
6462,35,2
6463,35,2
6464,35,2
6465,35,2
6466,35,2
6467,34,2
6468,34,2
6469,34,2
6470,34,2
6471,34,2
6472,33,2
6473,33,2
6474,33,2
6475,33,2
6476,33,2
6477,33,2
6478,33,2
6479,33,2
6480,33,2
6481,33,2
6482,33,2
6483,33,2
6484,33,2
6485,33,2
6486,33,2
6487,33,2
6488,33,2
6489,33,2
6490,33,2
6491,33,2
6492,33,2
6493,33,2
6494,33,2
6495,34,2
6496,34,2
6497,34,2
6498,34,2
6499,34,2
6500,34,2
6501,34,2
6502,34,2
6503,34,2
6504,34,2
6505,33,2
6506,33,2
6507,33,2
6508,33,2
6509,33,2
6510,33,2
6511,33,2
6512,33,2
6513,33,2
6514,33,2
6515,33,2
6516,33,2
6517,33,2
6518,33,2
6519,33,2
6520,33,2
6521,33,2
6522,33,2
6523,33,2
6524,33,2
6525,33,2
6526,33,2
6527,33,2
6528,33,2
6529,33,2
6530,33,2
6531,33,2
6532,33,2
6533,33,2
6534,33,2
6535,32,2
6536,32,2
6537,32,2
6538,32,2
6539,32,2
6540,32,2
6541,32,2
6542,32,2
6543,32,2
6544,32,2
6545,32,2
6546,32,2
6547,32,2
6548,32,2
6549,32,2
6550,32,2
6551,32,2
6552,32,2
6553,32,2
6554,32,2
6555,32,2
6556,32,2
6557,32,2
6558,32,2
6559,32,2
6560,32,2
6561,32,2
6562,32,2
6563,32,2
6564,32,2
6565,32,2
6566,32,2
6567,32,2
6568,32,2
6569,32,2
6570,32,2
6571,32,2
6572,32,2
6573,32,2
6574,32,2
6575,32,2
6576,32,2
6577,33,3
6578,33,3
6579,33,3
6580,33,3
6581,33,3
6582,33,3
6583,33,3
6584,33,3
6585,33,3
6586,33,3
6587,33,3
6588,33,3
6589,33,3
6590,33,3
6591,33,3
6592,33,3
6593,33,3
6594,33,3
6595,33,3
6596,33,3
6597,33,3
6598,33,3
6599,33,3
6600,33,3
6601,33,3
6602,33,3
6603,33,3
6604,33,3
6605,33,3
6606,33,3
6607,33,3
6608,33,3
6609,33,3
6610,33,3
6611,33,3
6612,33,3
6613,33,3
6614,33,3
6615,33,3
6616,33,3
6617,33,3
6618,33,3
6619,33,3
6620,33,3
6621,33,3
6622,33,3
6623,33,3
6624,33,3
6625,33,3
6626,33,3
6627,34,3
6628,34,3
6629,34,3
6630,34,3
6631,33,3
6632,33,3
6633,33,3
6634,33,3
6635,33,3
6636,33,3
6637,33,3
6638,33,3
6639,33,3
6640,33,3
6641,33,3
6642,33,3
6643,33,3
6644,33,3
6645,33,3
6646,33,3
6647,33,3
6648,33,3
6649,33,3
6650,33,3
6651,33,3
6652,33,3
6653,33,3
6654,33,3
6655,33,3
6656,33,3
6657,33,3
6658,33,3
6659,33,3
6660,33,3
6661,33,3
6662,33,3
6663,33,3
6664,33,3
6665,33,3
6666,33,3
6667,33,3
6668,33,3
6669,33,3
6670,33,3
6671,33,3
6672,33,3
6673,33,3
6674,33,3
6675,33,3
6676,33,3
6677,33,3
6678,33,3
6679,33,3
6680,33,3
6681,33,3
6682,33,3
6683,34,3
6684,34,3
6685,34,3
6686,33,3
6687,33,3
6688,33,3
6689,33,3
6690,33,3
6691,34,3
6692,34,3
6693,34,3
6694,34,3
6695,34,3
6696,34,3
6697,34,3
6698,34,3
6699,34,3
6700,34,3
6701,34,3
6702,34,3
6703,34,3
6704,34,3
6705,34,3
6706,34,3
6707,34,3
6708,34,3
6709,34,3
6710,34,3
6711,34,3
6712,34,3
6713,34,3
6714,34,3
6715,34,3
6716,34,3
6717,34,3
6718,34,3
6719,34,3
6720,34,3
6721,34,3
6722,34,3
6723,34,3
6724,34,3
6725,34,3
6726,34,3
6727,34,3
6728,34,3
6729,34,3
6730,34,3
6731,34,3
6732,34,3
6733,34,3
6734,34,3
6735,34,3
6736,34,3
6737,34,3
6738,34,3
6739,34,3
6740,34,3
6741,34,3
6742,34,3
6743,34,3
6744,34,3
6745,34,3
6746,34,3
6747,34,3
6748,34,3
6749,34,3
6750,34,3
6751,34,3
6752,34,3
6753,34,3
6754,34,3
6755,34,3
6756,35,3
6757,35,3
6758,35,3
6759,35,3
6760,35,3
6761,35,3
6762,35,3
6763,35,3
6764,35,3
6765,36,3
6766,36,3
6767,36,3
6768,36,3
6769,36,3
6770,36,3
6771,36,3
6772,36,3
6773,36,3
6774,36,3
6775,36,3
6776,36,3
6777,36,3
6778,36,3
6779,36,3
6780,36,3
6781,36,3
6782,36,3
6783,36,3
6784,36,3
6785,36,3
6786,36,3
6787,36,3
6788,36,3
6789,36,3
6790,36,3
6791,36,3
6792,36,3
6793,36,3
6794,36,3
6795,36,3
6796,36,3
6797,36,3
6798,35,3
6799,36,3
6800,36,3
6801,36,3
6802,36,3
6803,36,3
6804,36,3
6805,36,3
6806,36,3
6807,36,3
6808,36,3
6809,36,3
6810,36,3
6811,36,3
6812,36,3
6813,36,3
6814,36,3
6815,36,3
6816,36,3
6817,36,3
6818,36,3
6819,37,3
6820,37,3
6821,37,3
6822,37,3
6823,37,3
6824,37,3
6825,37,3
6826,37,3
6827,37,3
6828,37,3
6829,37,3
6830,37,3
6831,37,3
6832,37,3
6833,37,3
6834,37,3
6835,37,3
6836,37,3
6837,37,3
6838,37,3
6839,37,3
6840,37,3
6841,37,3
6842,37,3
6843,37,3
6844,37,3
6845,37,3
6846,37,3
6847,37,3
6848,37,3
6849,37,3
6850,37,3
6851,37,3
6852,37,3
6853,37,3
6854,37,3
6855,37,3
6856,37,3
6857,37,3
6858,37,3
6859,37,3
6860,37,3
6861,37,3
6862,37,3
6863,37,3
6864,37,3
6865,37,3
6866,36,3
6867,36,3
6868,36,3
6869,36,3
6870,36,3
6871,36,3
6872,36,3
6873,36,3
6874,36,3
6875,36,3
6876,36,3
6877,36,3
6878,36,3
6879,36,3
6880,36,3
6881,36,3
6882,36,3
6883,36,3
6884,36,3
6885,36,3
6886,36,3
6887,36,3
6888,36,3
6889,36,3
6890,36,3
6891,36,3
6892,36,3
6893,36,3
6894,36,3
6895,36,3
6896,36,3
6897,36,3
6898,36,3
6899,36,3
6900,36,3
6901,36,3
6902,36,3
6903,36,3
6904,36,3
6905,36,3
6906,36,3
6907,36,3
6908,36,3
6909,36,3
6910,36,3
6911,36,3
6912,36,3
6913,36,3
6914,36,3
6915,36,3
6916,36,3
6917,36,3
6918,36,3
6919,36,3
6920,36,3
6921,36,3
6922,36,3
6923,36,3
6924,36,3
6925,36,3
6926,36,3
6927,36,3
6928,36,3
6929,36,3
6930,36,3
6931,36,3
6932,36,3
6933,36,3
6934,36,3
6935,36,3
6936,36,3
6937,36,3
6938,36,3
6939,36,3
6940,36,3
6941,36,3
6942,36,3
6943,36,3
6944,36,3
6945,36,3
6946,36,3
6947,36,3
6948,36,3
6949,36,3
6950,36,3
6951,36,3
6952,36,3
6953,36,3
6954,35,3
6955,35,3
6956,35,3
6957,35,3
6958,35,3
6959,35,3
6960,35,3
6961,35,3
6962,35,3
6963,35,3
6964,35,3
6965,35,3
6966,35,3
6967,34,3
6968,34,3
6969,34,3
6970,34,3
6971,34,3
6972,34,3
6973,34,3
6974,34,3
6975,33,3
6976,33,3
6977,33,3
6978,33,3
6979,33,3
6980,33,3
6981,33,3
6982,33,3
6983,33,3
6984,33,3
6985,33,3
6986,33,3
6987,32,3
6988,32,3
6989,32,3
6990,32,3
6991,32,3
6992,32,3
6993,32,3
6994,32,3
6995,32,3
6996,32,3
6997,32,3
6998,32,3
6999,32,3
7000,32,3
7001,32,3
7002,32,3
7003,32,3
7004,32,3
7005,32,3
7006,32,3
7007,32,3
7008,32,3
7009,32,3
7010,32,3
7011,32,3
7012,32,3
7013,32,3
7014,32,3
7015,32,3
7016,32,3
7017,32,3
7018,32,3
7019,32,3
7020,32,3
7021,32,3
7022,32,3
7023,32,3
7024,32,3
7025,32,3
7026,32,3
7027,32,3
7028,33,3
7029,33,3
7030,33,3
7031,33,3
7032,33,3
7033,33,3
7034,33,3
7035,33,3
7036,33,3
7037,33,3
7038,33,3
7039,33,3
7040,33,3
7041,33,3
7042,33,3
7043,33,3
7044,33,3
7045,33,3
7046,33,3
7047,33,3
7048,33,3
7049,33,3
7050,33,3
7051,33,3
7052,33,3
7053,33,3
7054,33,3
7055,33,3
7056,33,3
7057,33,3
7058,33,3
7059,33,3
7060,33,3
7061,33,3
7062,33,3
7063,33,3
7064,33,3
7065,33,3
7066,32,3
7067,32,3
7068,32,3
7069,32,3
7070,32,3
7071,32,3
7072,32,3
7073,32,3
7074,32,3
7075,32,3
7076,32,3
7077,32,3
7078,32,3
7079,32,3
7080,33,3
7081,33,3
7082,33,3
7083,33,3
7084,33,3
7085,33,3
7086,33,3
7087,33,3
7088,33,3
7089,33,3
7090,33,3
7091,33,3
7092,33,3
7093,33,3
7094,33,3
7095,33,3
7096,33,3
7097,33,3
7098,33,3
7099,33,3
7100,33,3
7101,33,3
7102,33,3
7103,33,3
7104,33,3
7105,33,3
7106,33,3
7107,33,3
7108,33,3
7109,33,3
7110,33,3
7111,33,3
7112,33,3
7113,33,3
7114,33,3
7115,33,3
7116,33,3
7117,33,3
7118,33,3
7119,33,3
7120,33,3
7121,33,3
7122,33,3
7123,33,3
7124,33,3
7125,33,3
7126,33,3
7127,33,3
7128,33,3
7129,33,3
7130,33,3
7131,33,3
7132,33,3
7133,33,3
7134,33,3
7135,33,3
7136,33,3
7137,33,3
7138,33,3
7139,33,3
7140,33,3
7141,33,3
7142,33,3
7143,33,3
7144,33,3
7145,33,3
7146,33,3
7147,33,3
7148,33,3
7149,33,3
7150,33,3
7151,33,3
7152,33,3
7153,33,3
7154,33,3
7155,33,3
7156,33,3
7157,33,3
7158,33,3
7159,33,3
7160,33,3
7161,33,3
7162,33,3
7163,33,3
7164,33,3
7165,34,3
7166,34,3
7167,34,3
7168,34,3
7169,35,3
7170,35,3
7171,35,3
7172,35,3
7173,34,3
7174,34,3
7175,34,3
7176,34,3
7177,34,3
7178,34,3
7179,34,3
7180,34,3
7181,34,3
7182,34,3
7183,34,3
7184,34,3
7185,34,3
7186,34,3
7187,33,3
7188,33,3
7189,33,3
7190,33,3
7191,33,3
7192,33,3
7193,33,3
7194,33,3
7195,33,3
7196,33,3
7197,33,3
7198,33,3
7199,33,3
7200,33,3
7201,33,3
7202,33,3
7203,33,3
7204,33,3
7205,33,3
7206,32,3
7207,32,3
7208,31,3
7209,31,3
7210,31,3
7211,31,3
7212,31,3
7213,31,3
7214,31,3
7215,31,3
7216,31,3
7217,31,3
7218,31,3
7219,31,3
7220,31,3
7221,31,3
7222,32,3
7223,32,3
7224,32,3
7225,32,3
7226,32,3
7227,32,3
7228,32,3
7229,32,3
7230,32,3
7231,32,3
7232,32,3
7233,32,3
7234,32,3
7235,32,3
7236,32,3
7237,33,3
7238,33,3
7239,33,3
7240,33,3
7241,33,3
7242,33,3
7243,33,3
7244,33,3
7245,33,3
7246,33,3
7247,33,3
7248,33,3
7249,33,3
7250,33,3
7251,33,3
7252,33,3
7253,33,3
7254,33,3
7255,33,3
7256,33,3
7257,33,3
7258,33,3
7259,33,3
7260,33,3
7261,33,3
7262,33,3
7263,33,3
7264,33,3
7265,33,3
7266,33,3
7267,33,3
7268,33,3
7269,34,3
7270,34,3
7271,34,3
7272,34,3
7273,34,3
7274,34,3
7275,34,3
7276,34,3
7277,34,3
7278,34,3
7279,34,3
7280,34,3
7281,34,3
7282,34,3
7283,34,3
7284,34,3
7285,34,3
7286,34,3
7287,34,3
7288,35,3
7289,35,3
7290,35,3
7291,35,3
7292,35,3
7293,35,3
7294,35,3
7295,35,3
7296,35,3
7297,35,3
7298,35,3
7299,35,3
7300,34,3
7301,34,3
7302,34,3
7303,34,3
7304,34,3
7305,33,3
7306,33,3
7307,33,3
7308,33,3
7309,33,3
7310,33,3
7311,33,3
7312,33,3
7313,33,3
7314,33,3
7315,33,3
7316,33,3
7317,33,3
7318,33,3
7319,33,3
7320,33,3
7321,32,3
7322,32,3
7323,32,3
7324,32,3
7325,32,3
7326,32,3
7327,32,3
7328,32,3
7329,32,3
7330,32,3
7331,32,3
7332,32,3
7333,32,3
7334,32,3
7335,32,3
7336,32,3
7337,32,3
7338,31,2
7339,31,2
7340,31,2
7341,31,2
7342,31,2
7343,31,2
7344,31,2
7345,31,2
7346,31,2
7347,31,2
7348,31,2
7349,31,2
7350,31,2
7351,31,2
7352,31,2
7353,31,2
7354,31,2
7355,31,2
7356,31,2
7357,31,2
7358,31,2
7359,31,2
7360,31,2
7361,31,2
7362,31,2
7363,31,2
7364,31,2
7365,31,2
7366,31,2
7367,31,2
7368,31,2
7369,31,2
7370,31,2
7371,30,2
7372,30,2
7373,30,2
7374,30,2
7375,30,2
7376,30,2
7377,30,2
7378,30,2
7379,30,2
7380,30,2
7381,30,2
7382,30,2
7383,30,2
7384,30,2
7385,30,2
7386,30,2
7387,30,2
7388,30,2
7389,30,2
7390,30,2
7391,30,2
7392,30,2
7393,30,2
7394,30,2
7395,30,2
7396,30,2
7397,30,2
7398,30,2
7399,30,2
7400,30,2
7401,30,2
7402,30,2
7403,30,2
7404,30,2
7405,30,2
7406,30,2
7407,30,2
7408,30,2
7409,30,2
7410,30,2
7411,30,2
7412,30,2
7413,30,2
7414,30,2
7415,30,2
7416,30,2
7417,30,2
7418,30,2
7419,30,2
7420,30,2
7421,30,2
7422,30,2
7423,30,2
7424,30,2
7425,30,2
7426,30,2
7427,30,2
7428,30,2
7429,30,2
7430,30,2
7431,30,2
7432,30,2
7433,30,2
7434,30,2
7435,30,2
7436,30,2
7437,30,2
7438,30,2
7439,30,2
7440,30,2
7441,30,2
7442,30,2
7443,30,2
7444,30,2
7445,30,2
7446,30,2
7447,30,2
7448,30,2
7449,30,2
7450,30,2
7451,30,2
7452,30,2
7453,30,2
7454,30,2
7455,30,2
7456,30,2
7457,30,2
7458,30,2
7459,30,2
7460,30,2
7461,30,2
7462,30,2
7463,30,2
7464,30,2
7465,30,2
7466,30,2
7467,30,2
7468,30,2
7469,30,2
7470,30,2
7471,30,2
7472,30,2
7473,31,2
7474,31,2
7475,31,2
7476,31,2
7477,31,2
7478,31,2
7479,31,2
7480,31,2
7481,31,2
7482,31,2
7483,31,2
7484,31,2
7485,31,2
7486,31,2
7487,31,2
7488,31,2
7489,31,2
7490,31,2
7491,31,2
7492,31,2
7493,31,2
7494,31,2
7495,31,2
7496,31,2
7497,31,2
7498,31,2
7499,32,2
7500,32,2
7501,32,2
7502,32,2
7503,31,2
7504,31,2
7505,31,2
7506,31,2
7507,31,2
7508,31,2
7509,31,2
7510,31,2
7511,31,2
7512,31,2
7513,31,2
7514,31,2
7515,31,2
7516,31,2
7517,31,2
7518,32,3
7519,32,3
7520,32,3
7521,32,3
7522,32,3
7523,32,3
7524,32,3
7525,32,3
7526,32,3
7527,32,3
7528,32,3
7529,32,3
7530,32,3
7531,32,3
7532,32,3
7533,32,3
7534,32,3
7535,32,3
7536,32,3
7537,32,3
7538,32,3
7539,32,3
7540,32,3
7541,32,3
7542,32,3
7543,32,3
7544,32,3
7545,32,3
7546,32,3
7547,32,3
7548,32,3
7549,32,3
7550,32,3
7551,32,3
7552,32,3
7553,32,3
7554,32,3
7555,32,3
7556,32,3
7557,32,3
7558,32,3
7559,32,3
7560,32,3
7561,32,3
7562,32,3
7563,32,3
7564,32,3
7565,32,3
7566,32,3
7567,32,3
7568,32,3
7569,31,3
7570,31,3
7571,31,3
7572,31,3
7573,31,3
7574,32,3
7575,32,3
7576,32,3
7577,32,3
7578,33,3
7579,33,3
7580,33,3
7581,33,3
7582,33,3
7583,33,3
7584,33,3
7585,33,3
7586,33,3
7587,33,3
7588,33,3
7589,33,3
7590,33,3
7591,33,3
7592,33,3
7593,33,3
7594,33,3
7595,34,3
7596,34,3
7597,34,3
7598,34,3
7599,34,3
7600,34,3
7601,34,3
7602,34,3
7603,34,3
7604,34,3
7605,34,3
7606,34,3
7607,34,3
7608,34,3
7609,34,3
7610,34,3
7611,34,3
7612,34,3
7613,34,3
7614,34,3
7615,34,3
7616,34,3
7617,34,3
7618,34,3
7619,34,3
7620,34,3
7621,34,3
7622,33,2
7623,33,2
7624,33,2
7625,33,2
7626,33,2
7627,33,2
7628,33,2
7629,33,2
7630,33,2
7631,33,2
7632,33,2
7633,33,2
7634,33,2
7635,32,2
7636,32,2
7637,32,2
7638,32,2
7639,32,2
7640,32,2
7641,32,2
7642,32,2
7643,32,2
7644,32,2
7645,32,2
7646,32,2
7647,32,2
7648,32,2
7649,33,2
7650,33,2
7651,33,2
7652,33,2
7653,33,2
7654,33,2
7655,33,2
7656,33,2
7657,33,2
7658,33,2
7659,33,2
7660,33,2
7661,33,2
7662,33,2
7663,33,2
7664,33,2
7665,33,2
7666,33,2
7667,33,2
7668,33,2
7669,32,2
7670,32,2
7671,32,2
7672,32,2
7673,32,2
7674,32,2
7675,32,2
7676,32,2
7677,32,2
7678,32,2
7679,32,2
7680,32,2
7681,32,2
7682,32,2
7683,32,2
7684,32,2
7685,32,2
7686,32,2
7687,32,2
7688,32,2
7689,32,2
7690,32,2
7691,32,2
7692,32,2
7693,32,2
7694,32,2
7695,32,2
7696,32,2
7697,32,2
7698,32,2
7699,32,2
7700,32,2
7701,32,2
7702,31,2
7703,31,2
7704,31,2
7705,31,2
7706,31,2
7707,31,2
7708,31,2
7709,31,2
7710,31,2
7711,31,2
7712,31,2
7713,31,2
7714,31,2
7715,31,2
7716,31,2
7717,31,2
7718,31,2
7719,31,2
7720,32,2
7721,32,2
7722,32,2
7723,32,2
7724,32,2
7725,32,2
7726,32,2
7727,32,2
7728,32,2
7729,32,2
7730,32,2
7731,32,2
7732,32,2
7733,32,2
7734,32,2
7735,32,2
7736,32,2
7737,32,2
7738,32,2
7739,32,2
7740,32,2
7741,32,2
7742,32,2
7743,32,2
7744,32,2
7745,32,2
7746,32,2
7747,32,2
7748,32,2
7749,32,2
7750,32,2
7751,32,2
7752,32,2
7753,32,2
7754,32,2
7755,32,2
7756,31,2
7757,31,2
7758,31,2
7759,31,2
7760,31,2
7761,31,2
7762,31,2
7763,31,2
7764,31,2
7765,31,2
7766,31,2
7767,31,2
7768,31,2
7769,31,2
7770,31,2
7771,32,2
7772,32,2
7773,32,2
7774,32,2
7775,32,2
7776,32,2
7777,32,2
7778,32,2
7779,32,2
7780,32,2
7781,32,2
7782,32,2
7783,33,2
7784,33,2
7785,33,2
7786,33,2
7787,33,2
7788,33,2
7789,33,2
7790,33,2
7791,33,2
7792,33,2
7793,33,2
7794,33,2
7795,33,2
7796,33,2
7797,33,2
7798,33,2
7799,33,2
7800,33,2
7801,33,2
7802,33,2
7803,33,2
7804,33,2
7805,33,2
7806,33,2
7807,33,2
7808,33,2
7809,33,2
7810,33,2
7811,33,2
7812,33,2
7813,33,2
7814,33,2
7815,33,2
7816,33,2
7817,34,2
7818,34,2
7819,34,2
7820,34,2
7821,34,2
7822,34,2
7823,34,2
7824,34,2
7825,34,2
7826,34,2
7827,34,2
7828,34,2
7829,34,2
7830,35,2
7831,35,2
7832,35,2
7833,35,2
7834,35,2
7835,35,2
7836,34,2
7837,34,2
7838,34,2
7839,34,2
7840,34,2
7841,34,2
7842,34,2
7843,34,2
7844,34,2
7845,34,2
7846,34,2
7847,34,2
7848,34,2
7849,34,2
7850,34,2
7851,34,2
7852,34,2
7853,34,2
7854,34,2
7855,34,2
7856,34,2
7857,34,2
7858,34,2
7859,34,2
7860,34,2
7861,35,2
7862,36,2
7863,36,2
7864,36,2
7865,36,2
7866,35,2
7867,35,2
7868,35,2
7869,34,2
7870,34,2
7871,34,2
7872,34,2
7873,34,2
7874,34,2
7875,34,2
7876,34,2
7877,34,2
7878,34,2
7879,34,2
7880,34,2
7881,34,2
7882,34,2
7883,34,2
7884,34,2
7885,34,2
7886,34,2
7887,34,2
7888,34,2
7889,34,2
7890,34,2
7891,34,2
7892,34,2
7893,34,2
7894,34,2
7895,34,2
7896,34,2
7897,34,2
7898,34,2
7899,34,2
7900,34,2
7901,34,2
7902,34,2
7903,34,2
7904,34,2
7905,34,2
7906,34,2
7907,34,2
7908,34,2
7909,34,2
7910,34,2
7911,34,2
7912,34,2
7913,34,2
7914,34,2
7915,34,2
7916,34,2
7917,34,2
7918,34,2
7919,34,2
7920,35,2
7921,35,2
7922,35,2
7923,35,2
7924,35,2
7925,35,2
7926,35,2
7927,35,2
7928,35,2
7929,35,2
7930,35,2
7931,35,2
7932,36,2
7933,36,2
7934,36,2
7935,35,2
7936,35,2
7937,35,2
7938,35,2
7939,35,2
7940,35,2
7941,35,2
7942,35,2
7943,35,2
7944,35,2
7945,35,2
7946,35,2
7947,35,2
7948,35,2
7949,35,2
7950,35,2
7951,35,2
7952,35,2
7953,35,2
7954,35,2
7955,35,2
7956,35,2
7957,35,2
7958,35,2
7959,35,2
7960,35,2
7961,35,2
7962,35,2
7963,35,2
7964,35,2
7965,35,2
7966,35,2
7967,35,2
7968,35,2
7969,35,2
7970,35,2
7971,35,2
7972,35,2
7973,35,2
7974,35,2
7975,35,2
7976,35,2
7977,35,2
7978,35,2
7979,35,2
7980,35,2
7981,35,2
7982,35,2
7983,35,2
7984,35,2
7985,35,2
7986,35,2
7987,36,2
7988,36,2
7989,36,2
7990,36,2
7991,36,2
7992,36,2
7993,36,2
7994,36,2
7995,36,2
7996,35,1
7997,35,1
7998,35,1
7999,35,1
8000,35,1
8001,35,1
8002,35,1
8003,34,1
8004,34,1
8005,34,1
8006,35,1
8007,35,1
8008,35,1
8009,35,1
8010,35,1
8011,35,1
8012,35,1
8013,35,1
8014,35,1
8015,35,1
8016,35,1
8017,35,1
8018,35,1
8019,35,1
8020,35,1
8021,35,1
8022,35,1
8023,35,1
8024,35,1
8025,35,1
8026,35,1
8027,35,1
8028,35,1
8029,35,1
8030,35,1
8031,34,1
8032,34,1
8033,34,1
8034,34,1
8035,34,1
8036,34,1
8037,34,1
8038,34,1
8039,34,1
8040,34,1
8041,34,1
8042,34,1
8043,34,1
8044,34,1
8045,34,1
8046,35,1
8047,35,1
8048,35,1
8049,35,1
8050,35,1
8051,35,1
8052,35,1
8053,35,1
8054,35,1
8055,35,1
8056,35,1
8057,35,1
8058,35,1
8059,35,1
8060,35,1
8061,35,1
8062,34,1
8063,34,1
8064,34,1
8065,34,1
8066,34,1
8067,34,1
8068,34,1
8069,34,1
8070,34,1
8071,34,1
8072,34,1
8073,34,1
8074,34,1
8075,34,1
8076,34,1
8077,35,1
8078,35,1
8079,35,1
8080,35,1
8081,35,1
8082,36,1
8083,36,1
8084,36,1
8085,36,1
8086,36,1
8087,36,1
8088,36,1
8089,37,1
8090,37,1
8091,37,1
8092,37,1
8093,37,1
8094,37,1
8095,37,1
8096,37,1
8097,36,1
8098,36,1
8099,36,1
8100,36,1
8101,36,1
8102,36,1
8103,36,1
8104,36,1
8105,36,1
8106,36,1
8107,36,1
8108,36,1
8109,36,1
8110,36,1
8111,36,1
8112,36,1
8113,36,1
8114,36,1
8115,36,1
8116,36,1
8117,36,1
8118,37,1
8119,37,1
8120,37,1
8121,37,1
8122,37,1
8123,37,1
8124,37,1
8125,37,1
8126,37,1
8127,37,1
8128,37,1
8129,37,1
8130,37,1
8131,36,1
8132,36,1
8133,36,1
8134,36,1
8135,36,1
8136,36,1
8137,36,1
8138,36,1
8139,36,1
8140,36,1
8141,36,1
8142,36,1
8143,36,1
8144,36,1
8145,36,1
8146,36,1
8147,36,1
8148,36,1
8149,37,1
8150,37,1
8151,37,1
8152,37,1
8153,37,1
8154,37,1
8155,37,1
8156,37,1
8157,37,1
8158,37,1
8159,37,1
8160,37,1
8161,37,1
8162,37,1
8163,37,1
8164,37,1
8165,37,1
8166,37,1
8167,37,1
8168,37,1
8169,37,1
8170,37,1
8171,37,1
8172,37,1
8173,37,1
8174,37,1
8175,37,1
8176,37,1
8177,37,1
8178,37,1
8179,37,1
8180,37,1
8181,37,1
8182,37,1
8183,37,1
8184,37,1
8185,37,1
8186,37,1
8187,37,1
8188,37,1
8189,37,1
8190,37,1
8191,37,1
8192,37,1
8193,37,1
8194,37,1
8195,37,1
8196,37,1
8197,37,1
8198,37,1
8199,37,1
8200,37,1
8201,37,1
8202,37,1
8203,37,1
8204,37,1
8205,37,1
8206,37,1
8207,37,1
8208,37,1
8209,37,1
8210,37,1
8211,37,1
8212,37,1
8213,37,1
8214,37,1
8215,37,1
8216,37,1
8217,37,1
8218,37,1
8219,37,1
8220,37,1
8221,37,1
8222,37,1
8223,37,1
8224,37,1
8225,37,1
8226,37,1
8227,37,1
8228,37,1
8229,37,1
8230,37,1
8231,37,1
8232,37,1
8233,37,1
8234,37,1
8235,37,1
8236,37,1
8237,37,1
8238,36,1
8239,36,1
8240,36,1
8241,36,1
8242,36,1
8243,36,1
8244,36,1
8245,36,1
8246,36,1
8247,36,1
8248,36,1
8249,36,1
8250,36,1
8251,36,1
8252,36,1
8253,36,1
8254,36,1
8255,36,1
8256,36,1
8257,36,1
8258,36,1
8259,36,1
8260,36,1
8261,36,1
8262,36,1
8263,35,1
8264,35,1
8265,35,1
8266,35,1
8267,35,1
8268,35,1
8269,35,1
8270,35,1
8271,35,1
8272,36,1
8273,36,1
8274,36,1
8275,36,1
8276,36,1
8277,36,1
8278,36,1
8279,36,1
8280,36,1
8281,36,1
8282,36,1
8283,36,1
8284,36,1
8285,36,1
8286,36,1
8287,36,1
8288,36,1
8289,36,1
8290,36,1
8291,36,1
8292,36,1
8293,36,1
8294,36,1
8295,36,1
8296,36,1
8297,36,1
8298,36,1
8299,36,1
8300,36,1
8301,36,1
8302,36,1
8303,36,1
8304,36,1
8305,36,1
8306,36,1
8307,36,1
8308,36,1
8309,36,1
8310,36,1
8311,36,1
8312,37,1
8313,37,1
8314,37,1
8315,37,1
8316,37,1
8317,37,1
8318,37,1
8319,37,1
8320,37,1
8321,37,1
8322,37,1
8323,37,1
8324,37,1
8325,37,1
8326,37,1
8327,38,1
8328,38,1
8329,38,1
8330,38,1
8331,38,1
8332,37,1
8333,38,1
8334,39,1
8335,39,1
8336,39,1
8337,39,1
8338,39,1
8339,39,1
8340,39,1
8341,39,1
8342,39,1
8343,39,1
8344,39,1
8345,39,1
8346,39,1
8347,39,1
8348,39,1
8349,39,1
8350,39,1
8351,39,1
8352,39,1
8353,39,1
8354,39,1
8355,39,1
8356,39,1
8357,39,1
8358,39,1
8359,39,1
8360,39,1
8361,39,1
8362,39,1
8363,39,1
8364,39,1
8365,39,1
8366,39,1
8367,39,1
8368,39,1
8369,39,1
8370,39,1
8371,39,1
8372,39,1
8373,39,1
8374,39,1
8375,39,1
8376,39,1
8377,39,1
8378,39,1
8379,39,1
8380,39,1
8381,39,1
8382,39,1
8383,39,1
8384,39,1
8385,39,1
8386,39,1
8387,39,1
8388,39,1
8389,39,1
8390,39,1
8391,39,1
8392,39,1
8393,40,1
8394,39,1
8395,39,1
8396,39,1
8397,39,1
8398,39,1
8399,39,1
8400,39,1
8401,39,1
8402,39,1
8403,39,1
8404,39,1
8405,39,1
8406,39,1
8407,39,1
8408,39,1
8409,39,1
8410,39,1
8411,39,1
8412,39,1
8413,39,1
8414,39,1
8415,39,1
8416,39,1
8417,39,1
8418,39,1
8419,39,1
8420,40,1
8421,40,1
8422,40,1
8423,40,1
8424,40,1
8425,40,1
8426,40,1
8427,40,1
8428,40,1
8429,40,1
8430,40,1
8431,39,1
8432,39,1
8433,39,1
8434,39,1
8435,39,1
8436,39,1
8437,39,1
8438,39,1
8439,39,1
8440,39,1
8441,39,1
8442,39,1
8443,39,1
8444,39,1
8445,39,1
8446,39,1
8447,39,1
8448,39,1
8449,39,1
8450,39,1
8451,39,1
8452,39,1
8453,39,1
8454,39,1
8455,39,1
8456,39,1
8457,39,1
8458,39,1
8459,39,1
8460,39,1
8461,39,1
8462,39,1
8463,39,1
8464,39,1
8465,39,1
8466,39,1
8467,39,1
8468,39,1
8469,39,1
8470,39,1
8471,39,1
8472,39,1
8473,39,1
8474,39,1
8475,39,1
8476,39,1
8477,39,1
8478,39,1
8479,39,1
8480,39,1
8481,39,1
8482,39,1
8483,39,1
8484,39,1
8485,39,1
8486,39,1
8487,39,1
8488,39,1
8489,39,1
8490,40,1
8491,40,1
8492,40,1
8493,39,1
8494,39,1
8495,39,1
8496,39,1
8497,40,1
8498,40,1
8499,40,1
8500,40,1
8501,40,1
8502,40,1
8503,40,1
8504,40,1
8505,40,1
8506,40,1
8507,40,1
8508,40,1
8509,40,1
8510,40,1
8511,40,1
8512,40,1
8513,40,1
8514,40,1
8515,40,1
8516,40,1
8517,40,1
8518,40,1
8519,40,1
8520,40,1
8521,40,1
8522,40,1
8523,40,1
8524,41,1
8525,41,1
8526,41,1
8527,41,1
8528,41,1
8529,41,1
8530,41,1
8531,41,1
8532,41,1
8533,41,1
8534,41,1
8535,41,1
8536,41,1
8537,41,1
8538,41,1
8539,41,1
8540,41,1
8541,41,1
8542,41,1
8543,41,1
8544,41,1
8545,40,1
8546,40,1
8547,40,1
8548,40,1
8549,40,1
8550,40,1
8551,40,1
8552,40,1
8553,40,1
8554,40,1
8555,40,1
8556,40,1
8557,40,1
8558,40,1
8559,40,1
8560,40,1
8561,40,1
8562,40,1
8563,40,1
8564,40,1
8565,40,1
8566,40,1
8567,40,1
8568,40,1
8569,40,1
8570,40,1
8571,40,1
8572,40,1
8573,40,1
8574,40,1
8575,40,1
8576,40,1
8577,40,1
8578,40,1
8579,40,1
8580,40,1
8581,40,1
8582,40,1
8583,40,1
8584,40,1
8585,40,1
8586,40,1
8587,40,1
8588,40,1
8589,40,1
8590,40,1
8591,40,1
8592,41,1
8593,41,1
8594,41,1
8595,41,1
8596,41,1
8597,41,1
8598,41,1
8599,41,1
8600,41,1
8601,41,1
8602,41,1
8603,41,1
8604,41,1
8605,41,1
8606,41,1
8607,41,1
8608,41,1
8609,41,1
8610,41,1
8611,41,1
8612,41,1
8613,41,1
8614,41,1
8615,41,1
8616,41,1
8617,41,1
8618,41,1
8619,41,1
8620,41,1
8621,41,1
8622,41,1
8623,41,1
8624,41,1
8625,41,1
8626,41,1
8627,41,1
8628,41,1
8629,41,1
8630,41,1
8631,41,1
8632,41,1
8633,41,1
8634,41,1
8635,41,1
8636,41,1
8637,41,1
8638,41,1
8639,41,1
8640,41,1
8641,41,1
8642,41,1
8643,41,1
8644,41,1
8645,41,1
8646,41,1
8647,41,1
8648,41,1
8649,41,1
8650,41,1
8651,41,1
8652,41,1
8653,41,1
8654,41,1
8655,41,1
8656,41,1
8657,42,1
8658,42,1
8659,42,1
8660,42,1
8661,42,1
8662,42,1
8663,42,1
8664,41,1
8665,41,1
8666,41,1
8667,41,1
8668,41,1
8669,41,1
8670,41,1
8671,41,1
8672,41,1
8673,41,1
8674,41,1
8675,41,1
8676,41,1
8677,41,1
8678,41,1
8679,41,1
8680,41,1
8681,41,1
8682,41,1
8683,41,1
8684,41,1
8685,41,1
8686,41,1
8687,41,1
8688,41,1
8689,41,1
8690,41,1
8691,41,1
8692,41,1
8693,41,1
8694,41,1
8695,41,1
8696,41,1
8697,41,1
8698,41,1
8699,41,1
8700,41,1
8701,41,1
8702,41,1
8703,41,1
8704,41,1
8705,41,1
8706,41,1
8707,41,1
8708,41,1
8709,41,1
8710,41,1
8711,41,1
8712,41,1
8713,41,1
8714,41,1
8715,41,1
8716,41,1
8717,41,1
8718,41,1
8719,41,1
8720,41,1
8721,41,1
8722,41,1
8723,41,1
8724,40,1
8725,40,1
8726,40,1
8727,40,1
8728,40,1
8729,40,1
8730,40,1
8731,40,1
8732,40,1
8733,40,1
8734,40,1
8735,40,1
8736,40,1
8737,40,1
8738,40,1
8739,40,1
8740,40,1
8741,40,1
8742,40,1
8743,40,1
8744,40,1
8745,40,1
8746,40,1
8747,40,1
8748,39,0
8749,39,0
8750,39,0
8751,39,0
8752,39,0
8753,39,0
8754,39,0
8755,39,0
8756,39,0
8757,38,0
8758,38,0
8759,38,0
8760,38,0
8761,38,0
8762,38,0
8763,38,0
8764,38,0
8765,38,0
8766,38,0
8767,38,0
8768,38,0
8769,38,0
8770,38,0
8771,38,0
8772,38,0
8773,38,0
8774,38,0
8775,38,0
8776,38,0
8777,38,0
8778,38,0
8779,38,0
8780,38,0
8781,38,0
8782,38,0
8783,38,0
8784,38,0
8785,38,0
8786,38,0
8787,38,0
8788,38,0
8789,38,0
8790,38,0
8791,38,0
8792,38,0
8793,38,0
8794,38,0
8795,38,0
8796,38,0
8797,38,0
8798,38,0
8799,38,0
8800,38,0
8801,38,0
8802,38,0
8803,38,0
8804,38,0
8805,38,0
8806,39,0
8807,39,0
8808,39,0
8809,39,0
8810,39,0
8811,39,0
8812,39,0
8813,39,0
8814,39,0
8815,39,0
8816,39,0
8817,39,0
8818,39,0
8819,39,0
8820,39,0
8821,39,0
8822,39,0
8823,39,0
8824,39,0
8825,39,0
8826,39,0
8827,39,0
8828,39,0
8829,39,0
8830,39,0
8831,40,0
8832,40,0
8833,40,0
8834,40,0
8835,40,0
8836,40,0
8837,40,0
8838,40,0
8839,40,0
8840,40,0
8841,40,0
8842,40,0
8843,40,0
8844,40,0
8845,40,0
8846,40,0
8847,40,0
8848,40,0
8849,40,0
8850,40,0
8851,40,0
8852,40,0
8853,40,0
8854,40,0
8855,40,0
8856,39,0
8857,39,0
8858,39,0
8859,39,0
8860,39,0
8861,39,0
8862,39,0
8863,39,0
8864,39,0
8865,39,0
8866,39,0
8867,39,0
8868,39,0
8869,39,0
8870,39,0
8871,39,0
8872,39,0
8873,39,0
8874,39,0
8875,39,0
8876,39,0
8877,39,0
8878,39,0
8879,39,0
8880,39,0
8881,39,0
8882,39,0
8883,39,0
8884,39,0
8885,39,0
8886,39,0
8887,39,0
8888,39,0
8889,39,0
8890,39,0
8891,39,0
8892,39,0
8893,39,0
8894,39,0
8895,39,0
8896,39,0
8897,39,0
8898,39,0
8899,39,0
8900,39,0
8901,39,0
8902,39,0
8903,39,0
8904,39,0
8905,39,0
8906,39,0
8907,39,0
8908,39,0
8909,39,0
8910,39,0
8911,39,0
8912,39,0
8913,39,0
8914,39,0
8915,39,0
8916,39,0
8917,39,0
8918,39,0
8919,39,0
8920,39,0
8921,39,0
8922,39,0
8923,39,0
8924,39,0
8925,39,0
8926,39,0
8927,39,0
8928,39,0
8929,39,0
8930,39,0
8931,39,0
8932,39,0
8933,39,0
8934,39,0
8935,39,0
8936,39,0
8937,39,0
8938,39,0
8939,39,0
8940,39,0
8941,39,0
8942,39,0
8943,39,0
8944,39,0
8945,39,0
8946,39,0
8947,39,0
8948,39,0
8949,38,0
8950,38,0
8951,38,0
8952,38,0
8953,38,0
8954,38,0
8955,38,0
8956,38,0
8957,38,0
8958,38,0
8959,38,0
8960,38,0
8961,38,0
8962,38,0
8963,38,0
8964,38,0
8965,38,0
8966,38,0
8967,38,0
8968,38,0
8969,38,0
8970,38,0
8971,38,0
8972,38,0
8973,38,0
8974,38,0
8975,38,0
8976,38,0
8977,38,0
8978,38,0
8979,38,0
8980,38,0
8981,38,0
8982,38,0
8983,38,0
8984,38,0
8985,38,0
8986,38,0
8987,38,0
8988,37,0
8989,37,0
8990,37,0
8991,37,0
8992,37,0
8993,37,0
8994,37,0
8995,37,0
8996,37,0
8997,37,0
8998,37,0
8999,37,0
9000,37,0
9001,37,0
9002,37,0
9003,37,0
9004,37,0
9005,37,0
9006,37,0
9007,37,0
9008,37,0
9009,37,0
9010,37,0
9011,37,0
9012,37,0
9013,37,0
9014,37,0
9015,37,0
9016,37,0
9017,37,0
9018,37,0
9019,37,0
9020,37,0
9021,37,0
9022,37,0
9023,37,0
9024,37,0
9025,37,0
9026,37,0
9027,37,0
9028,37,0
9029,37,0
9030,37,0
9031,37,0
9032,37,0
9033,37,0
9034,37,0
9035,37,0
9036,37,0
9037,37,0
9038,37,0
9039,37,0
9040,37,0
9041,37,0
9042,37,0
9043,37,0
9044,37,0
9045,37,0
9046,37,0
9047,37,0
9048,37,0
9049,37,0
9050,37,0
9051,37,0
9052,38,0
9053,38,0
9054,38,0
9055,38,0
9056,38,0
9057,38,0
9058,38,0
9059,38,0
9060,38,0
9061,38,0
9062,38,0
9063,39,0
9064,39,0
9065,39,0
9066,39,0
9067,39,0
9068,39,0
9069,39,0
9070,39,0
9071,39,0
9072,39,0
9073,39,0
9074,39,0
9075,39,0
9076,39,0
9077,39,0
9078,39,0
9079,39,0
9080,39,0
9081,39,0
9082,39,0
9083,39,0
9084,39,0
9085,39,0
9086,39,0
9087,39,0
9088,39,0
9089,40,0
9090,40,0
9091,40,0
9092,40,0
9093,41,0
9094,41,0
9095,41,0
9096,41,0
9097,41,0
9098,41,0
9099,41,0
9100,41,0
9101,41,0
9102,41,0
9103,41,0
9104,41,0
9105,41,0
9106,41,0
9107,41,0
9108,41,0
9109,41,0
9110,41,0
9111,41,0
9112,41,0
9113,41,0
9114,41,0
9115,41,0
9116,41,0
9117,41,0
9118,41,0
9119,41,0
9120,40,0
9121,40,0
9122,40,0
9123,40,0
9124,40,0
9125,40,0
9126,40,0
9127,40,0
9128,40,0
9129,39,0
9130,39,0
9131,39,0
9132,39,0
9133,39,0
9134,39,0
9135,39,0
9136,40,0
9137,40,0
9138,40,0
9139,40,0
9140,40,0
9141,40,0
9142,40,0
9143,40,0
9144,40,0
9145,40,0
9146,40,0
9147,40,0
9148,40,0
9149,40,0
9150,40,0
9151,40,0
9152,40,0
9153,40,0
9154,40,0
9155,40,0
9156,41,0
9157,41,0
9158,41,0
9159,41,0
9160,41,0
9161,41,0
9162,41,0
9163,41,0
9164,41,0
9165,41,0
9166,41,0
9167,41,0
9168,41,0
9169,41,0
9170,41,0
9171,41,0
9172,41,0
9173,41,0
9174,41,0
9175,41,0
9176,41,0
9177,41,0
9178,41,0
9179,41,0
9180,41,0
9181,41,0
9182,41,0
9183,41,0
9184,41,0
9185,41,0
9186,42,0
9187,42,0
9188,42,0
9189,42,0
9190,42,0
9191,42,0
9192,42,0
9193,42,0
9194,42,0
9195,41,0
9196,41,0
9197,41,0
9198,41,0
9199,41,0
9200,41,0
9201,41,0
9202,41,0
9203,41,0
9204,41,0
9205,41,0
9206,41,0
9207,41,0
9208,41,0
9209,41,0
9210,41,0
9211,41,0
9212,41,0
9213,41,0
9214,41,0
9215,41,0
9216,41,0
9217,41,0
9218,41,0
9219,40,0
9220,40,0
9221,40,0
9222,40,0
9223,40,0
9224,40,0
9225,40,0
9226,40,0
9227,40,0
9228,40,0
9229,40,0
9230,40,0
9231,40,0
9232,40,0
9233,40,0
9234,40,0
9235,40,0
9236,40,0
9237,40,0
9238,40,0
9239,40,0
9240,40,0
9241,40,0
9242,40,0
9243,40,0
9244,40,0
9245,40,0
9246,40,0
9247,40,0
9248,40,0
9249,40,0
9250,40,0
9251,40,0
9252,40,0
9253,40,0
9254,40,0
9255,40,0
9256,40,0
9257,40,0
9258,40,0
9259,40,0
9260,40,0
9261,40,0
9262,40,0
9263,40,0
9264,40,0
9265,40,0
9266,40,0
9267,40,0
9268,40,0
9269,40,0
9270,40,0
9271,40,0
9272,40,0
9273,40,0
9274,40,0
9275,40,0
9276,40,0
9277,40,0
9278,40,0
9279,40,0
9280,40,0
9281,40,0
9282,40,0
9283,40,0
9284,40,0
9285,39,0
9286,39,0
9287,39,0
9288,39,0
9289,39,0
9290,39,0
9291,39,0
9292,39,0
9293,39,0
9294,39,0
9295,39,0
9296,39,0
9297,39,0
9298,39,0
9299,39,0
9300,39,0
9301,39,0
9302,39,0
9303,39,0
9304,39,0
9305,39,0
9306,39,0
9307,39,0
9308,39,0
9309,39,0
9310,39,0
9311,39,0
9312,39,0
9313,39,0
9314,39,0
9315,39,0
9316,39,0
9317,39,0
9318,39,0
9319,39,0
9320,39,0
9321,39,0
9322,39,0
9323,39,0
9324,39,0
9325,39,0
9326,39,0
9327,39,0
9328,39,0
9329,39,0
9330,39,0
9331,39,0
9332,39,0
9333,39,0
9334,39,0
9335,39,0
9336,39,0
9337,39,0
9338,39,0
9339,39,0
9340,39,0
9341,39,0
9342,39,0
9343,39,0
9344,39,0
9345,39,0
9346,39,0
9347,39,0
9348,39,0
9349,39,0
9350,39,0
9351,39,0
9352,39,0
9353,39,0
9354,39,0
9355,39,0
9356,39,0
9357,39,0
9358,39,0
9359,39,0
9360,39,0
9361,39,0
9362,39,0
9363,39,0
9364,39,0
9365,39,0
9366,39,0
9367,39,0
9368,40,0
9369,40,0
9370,40,0
9371,40,0
9372,40,0
9373,40,0
9374,40,0
9375,40,0
9376,40,0
9377,41,0
9378,41,0
9379,41,0
9380,41,0
9381,41,0
9382,41,0
9383,41,0
9384,41,0
9385,41,0
9386,41,0
9387,41,0
9388,41,0
9389,41,0
9390,41,0
9391,41,0
9392,41,0
9393,41,0
9394,41,0
9395,41,0
9396,41,0
9397,42,0
9398,42,0
9399,43,0
9400,43,0
9401,43,0
9402,43,0
9403,43,0
9404,43,0
9405,43,0
9406,43,0
9407,43,0
9408,43,0
9409,43,0
9410,43,0
9411,43,0
9412,43,0
9413,43,0
9414,43,0
9415,43,0
9416,43,0
9417,43,0
9418,43,0
9419,43,0
9420,43,0
9421,43,0
9422,43,0
9423,43,0
9424,43,0
9425,43,0
9426,43,0
9427,43,0
9428,43,0
9429,43,0
9430,43,0
9431,43,0
9432,43,0
9433,43,0
9434,43,0
9435,43,0
9436,43,0
9437,43,0
9438,43,0
9439,43,0
9440,43,0
9441,43,0
9442,43,0
9443,43,0
9444,43,0
9445,43,0
9446,43,0
9447,43,0
9448,43,0
9449,43,0
9450,43,0
9451,43,0
9452,43,0
9453,43,0
9454,43,0
9455,43,0
9456,43,0
9457,43,0
9458,43,0
9459,43,0
9460,43,0
9461,43,0
9462,43,0
9463,43,0
9464,43,0
9465,43,0
9466,43,0
9467,43,0
9468,43,0
9469,43,0
9470,43,0
9471,43,0
9472,43,0
9473,43,0
9474,43,0
9475,43,0
9476,43,0
9477,43,0
9478,43,0
9479,43,0
9480,43,0
9481,43,0
9482,43,0
9483,43,0
9484,44,0
9485,44,0
9486,44,0
9487,44,0
9488,44,0
9489,44,0
9490,44,0
9491,44,0
9492,44,0
9493,44,0
9494,44,0
9495,44,0
9496,44,0
9497,44,0
9498,44,0
9499,44,0
9500,44,0
9501,44,0
9502,44,0
9503,44,0
9504,44,0
9505,44,0
9506,44,0
9507,44,0
9508,44,0
9509,44,0
9510,44,0
9511,44,0
9512,44,0
9513,44,0
9514,44,0
9515,44,0
9516,45,0
9517,45,0
9518,44,0
9519,44,0
9520,44,0
9521,44,0
9522,44,0
9523,44,0
9524,44,0
9525,44,0
9526,44,0
9527,44,0
9528,44,0
9529,44,0
9530,44,0
9531,44,0
9532,44,0
9533,43,0
9534,43,0
9535,43,0
9536,43,0
9537,43,0
9538,43,0
9539,43,0
9540,43,0
9541,43,0
9542,43,0
9543,43,0
9544,43,0
9545,43,0
9546,43,0
9547,43,0
9548,43,0
9549,43,0
9550,43,0
9551,43,0
9552,43,0
9553,43,0
9554,43,0
9555,43,0
9556,43,0
9557,43,0
9558,43,0
9559,42,0
9560,42,0
9561,42,0
9562,42,0
9563,42,0
9564,42,0
9565,42,0
9566,42,0
9567,42,0
9568,42,0
9569,42,0
9570,42,0
9571,42,0
9572,42,0
9573,42,0
9574,42,0
9575,42,0
9576,42,0
9577,42,0
9578,42,0
9579,42,0
9580,42,0
9581,42,0
9582,42,0
9583,42,0
9584,42,0
9585,42,0
9586,42,0
9587,42,0
9588,42,0
9589,42,0
9590,42,0
9591,42,0
9592,42,0
9593,42,0
9594,42,0
9595,42,0
9596,42,0
9597,42,0
9598,42,0
9599,41,0
9600,41,0
9601,41,0
9602,41,0
9603,41,0
9604,41,0
9605,41,0
9606,41,0
9607,41,0
9608,41,0
9609,41,0
9610,41,0
9611,41,0
9612,41,0
9613,41,0
9614,41,0
9615,41,0
9616,41,0
9617,41,0
9618,41,0
9619,41,0
9620,41,0
9621,41,0
9622,41,0
9623,41,0
9624,41,0
9625,41,0
9626,41,0
9627,41,0
9628,41,0
9629,41,0
9630,41,0
9631,41,0
9632,41,0
9633,41,0
9634,41,0
9635,41,0
9636,41,0
9637,41,0
9638,41,0
9639,41,0
9640,41,0
9641,41,0
9642,41,0
9643,41,0
9644,41,0
9645,41,0
9646,41,0
9647,41,0
9648,41,0
9649,41,0
9650,41,0
9651,41,0
9652,41,0
9653,41,0
9654,41,0
9655,41,0
9656,41,0
9657,41,0
9658,41,0
9659,41,0
9660,41,0
9661,41,0
9662,41,0
9663,41,0
9664,41,0
9665,41,0
9666,41,0
9667,41,0
9668,41,0
9669,41,0
9670,41,0
9671,41,0
9672,41,0
9673,41,0
9674,41,0
9675,41,0
9676,41,0
9677,41,0
9678,41,0
9679,41,0
9680,41,0
9681,41,0
9682,41,0
9683,41,0
9684,41,0
9685,41,0
9686,41,0
9687,41,0
9688,41,0
9689,41,0
9690,41,0
9691,41,0
9692,41,0
9693,41,0
9694,41,0
9695,41,0
9696,41,0
9697,41,0
9698,41,0
9699,41,0
9700,41,0
9701,41,0
9702,41,0
9703,41,0
9704,41,0
9705,41,0
9706,41,0
9707,41,0
9708,41,0
9709,41,0
9710,41,0
9711,41,0
9712,41,0
9713,41,0
9714,41,0
9715,41,0
9716,41,0
9717,41,0
9718,41,0
9719,41,0
9720,41,0
9721,41,0
9722,41,0
9723,41,0
9724,41,0
9725,41,0
9726,41,0
9727,41,0
9728,41,0
9729,41,0
9730,41,0
9731,41,0
9732,41,0
9733,41,0
9734,41,0
9735,41,0
9736,40,0
9737,40,0
9738,40,0
9739,40,0
9740,40,0
9741,40,0
9742,40,0
9743,40,0
9744,40,0
9745,40,0
9746,40,0
9747,40,0
9748,40,0
9749,40,0
9750,41,0
9751,41,0
9752,41,0
9753,41,0
9754,41,0
9755,41,0
9756,41,0
9757,41,0
9758,41,0
9759,41,0
9760,41,0
9761,41,0
9762,41,0
9763,41,0
9764,41,0
9765,41,0
9766,41,0
9767,41,0
9768,41,0
9769,41,0
9770,41,0
9771,41,0
9772,41,0
9773,41,0
9774,41,0
9775,41,0
9776,41,0
9777,41,0
9778,41,0
9779,41,0
9780,41,0
9781,41,0
9782,41,0
9783,41,0
9784,41,0
9785,41,0
9786,41,0
9787,41,0
9788,41,0
9789,41,0
9790,41,0
9791,40,0
9792,40,0
9793,41,0
9794,41,0
9795,41,0
9796,41,0
9797,41,0
9798,41,0
9799,41,0
9800,41,0
9801,41,0
9802,41,0
9803,41,0
9804,41,0
9805,41,0
9806,41,0
9807,41,0
9808,42,0
9809,42,0
9810,42,0
9811,42,0
9812,42,0
9813,42,0
9814,42,0
9815,42,0
9816,42,0
9817,42,0
9818,42,0
9819,42,0
9820,42,0
9821,42,0
9822,42,0
9823,42,0
9824,41,0
9825,41,0
9826,41,0
9827,41,0
9828,41,0
9829,40,0
9830,40,0
9831,40,0
9832,40,0
9833,40,0
9834,40,0
9835,40,0
9836,40,0
9837,40,0
9838,40,0
9839,40,0
9840,41,0
9841,41,0
9842,41,0
9843,41,0
9844,41,0
9845,41,0
9846,41,0
9847,41,0
9848,41,0
9849,41,0
9850,41,0
9851,41,0
9852,41,0
9853,41,0
9854,41,0
9855,41,0
9856,41,0
9857,41,0
9858,41,0
9859,41,0
9860,41,0
9861,41,0
9862,41,0
9863,41,0
9864,41,0
9865,41,0
9866,41,0
9867,41,0
9868,41,0
9869,41,0
9870,41,0
9871,41,0
9872,41,0
9873,41,0
9874,41,0
9875,41,0
9876,41,0
9877,41,0
9878,41,0
9879,41,0
9880,41,0
9881,41,0
9882,41,0
9883,41,0
9884,41,0
9885,41,0
9886,41,0
9887,41,0
9888,41,0
9889,41,0
9890,41,0
9891,41,0
9892,40,0
9893,40,0
9894,40,0
9895,39,0
9896,39,0
9897,39,0
9898,39,0
9899,39,0
9900,39,0
9901,39,0
9902,39,0
9903,39,0
9904,39,0
9905,39,0
9906,39,0
9907,39,0
9908,39,0
9909,39,0
9910,39,0
9911,39,0
9912,39,0
9913,39,0
9914,39,0
9915,39,0
9916,39,0
9917,39,0
9918,39,0
9919,39,0
9920,39,0
9921,39,0
9922,39,0
9923,39,0
9924,39,0
9925,39,0
9926,39,0
9927,39,0
9928,39,0
9929,39,0
9930,39,0
9931,39,0
9932,39,0
9933,40,0
9934,40,0
9935,40,0
9936,40,0
9937,40,0
9938,40,0
9939,40,0
9940,40,0
9941,40,0
9942,40,0
9943,40,0
9944,40,0
9945,40,0
9946,40,0
9947,40,0
9948,40,0
9949,40,0
9950,40,0
9951,40,0
9952,40,0
9953,40,0
9954,40,0
9955,40,0
9956,40,0
9957,40,0
9958,40,0
9959,40,0
9960,40,0
9961,39,0
9962,39,0
9963,39,0
9964,40,0
9965,40,0
9966,40,0
9967,40,0
9968,40,0
9969,40,0
9970,40,0
9971,40,0
9972,40,0
9973,40,0
9974,40,0
9975,40,0
9976,40,0
9977,40,0
9978,40,0
9979,41,0
9980,41,0
9981,41,0
9982,41,0
9983,41,0
9984,41,0
9985,41,0
9986,41,0
9987,41,0
9988,41,0
9989,41,0
9990,41,0
9991,41,0
9992,41,0
9993,41,0
9994,41,0
9995,41,0
9996,41,0
9997,41,0
9998,41,0
9999,41,0
10000,41,0
10001,41,0
10002,41,0
10003,41,0
10004,41,0
10005,41,0
10006,41,0
10007,41,0
10008,41,0
10009,41,0
10010,41,0
10011,41,0
10012,41,0
10013,41,0
10014,41,0
10015,41,0
10016,41,0
10017,41,0
10018,41,0
10019,41,0
10020,41,0
10021,41,0
10022,41,0
10023,41,0
10024,41,0
10025,41,0
10026,40,0
10027,40,0
10028,40,0
10029,40,0
10030,40,0
10031,40,0
10032,40,0
10033,40,0
10034,40,0
10035,40,0
10036,40,0
10037,40,0
10038,40,0
10039,40,0
10040,40,0
10041,40,0
10042,40,0
10043,40,0
10044,40,0
10045,40,0
10046,40,0
10047,40,0
10048,40,0
10049,40,0
10050,40,0
10051,40,0
10052,40,0
10053,40,0
10054,40,0
10055,40,0
10056,40,0
10057,40,0
10058,40,0
10059,40,0
10060,40,0
10061,40,0
10062,40,0
10063,40,0
10064,41,0
10065,41,0
10066,41,0
10067,41,0
10068,41,0
10069,41,0
10070,41,0
10071,41,0
10072,41,0
10073,41,0
10074,41,0
10075,41,0
10076,41,0
10077,41,0
10078,41,0
10079,41,0
10080,41,0
10081,41,0
10082,41,0
10083,41,0
10084,41,0
10085,41,0
10086,41,0
10087,41,0
10088,41,0
10089,41,0
10090,41,0
10091,41,0
10092,41,0
10093,41,0
10094,41,0
10095,41,0
10096,41,0
10097,41,0
10098,41,0
10099,41,0
10100,41,0
10101,41,0
10102,41,0
10103,41,0
10104,41,0
10105,41,0
10106,41,0
10107,40,0
10108,40,0
10109,40,0
10110,40,0
10111,40,0
10112,40,0
10113,40,0
10114,40,0
10115,40,0
10116,40,0
10117,40,0
10118,40,0
10119,40,0
10120,39,0
10121,39,0
10122,39,0
10123,39,0
10124,39,0
10125,39,0
10126,39,0
10127,39,0
10128,39,0
10129,39,0
10130,39,0
10131,39,0
10132,39,0
10133,39,0
10134,39,0
10135,39,0
10136,39,0
10137,40,0
10138,40,0
10139,40,0
10140,39,0
10141,39,0
10142,39,0
10143,39,0
10144,39,0
10145,39,0
10146,39,0
10147,39,0
10148,39,0
10149,39,0
10150,39,0
10151,39,0
10152,39,0
10153,39,0
10154,39,0
10155,39,0
10156,39,0
10157,39,0
10158,39,0
10159,39,0
10160,39,0
10161,39,0
10162,39,0
10163,39,0
10164,39,0
10165,39,0
10166,39,0
10167,39,0
10168,39,0
10169,39,0
10170,39,0
10171,39,0
10172,39,0
10173,39,0
10174,39,0
10175,39,0
10176,39,0
10177,39,0
10178,39,0
10179,40,0
10180,40,0
10181,40,0
10182,40,0
10183,40,0
10184,40,0
10185,40,0
10186,40,0
10187,40,0
10188,39,0
10189,39,0
10190,39,0
10191,39,0
10192,39,0
10193,38,0
10194,38,0
10195,38,0
10196,38,0
10197,38,0
10198,38,0
10199,38,0
10200,38,0
10201,39,0
10202,39,0
10203,40,0
10204,40,0
10205,40,0
10206,40,0
10207,40,0
10208,40,0
10209,40,0
10210,40,0
10211,40,0
10212,40,0
10213,40,0
10214,40,0
10215,40,0
10216,40,0
10217,40,0
10218,40,0
10219,40,0
10220,40,0
10221,40,0
10222,40,0
10223,40,0
10224,40,0
10225,40,0
10226,40,0
10227,40,0
10228,40,0
10229,40,0
10230,40,0
10231,40,0
10232,40,0
10233,40,0
10234,40,0
10235,40,0
10236,40,0
10237,40,0
10238,40,0
10239,40,0
10240,40,0
10241,40,0
10242,40,0
10243,40,0
10244,40,0
10245,40,0
10246,40,0
10247,40,0
10248,40,0
10249,40,0
10250,40,0
10251,40,0
10252,40,0
10253,40,0
10254,40,0
10255,40,0
10256,40,0
10257,40,0
10258,40,0
10259,40,0
10260,40,0
10261,40,0
10262,40,0
10263,40,0
10264,40,0
10265,40,0
10266,40,0
10267,40,0
10268,40,0
10269,40,0
10270,40,0
10271,40,0
10272,40,0
10273,40,0
10274,40,0
10275,40,0
10276,40,0
10277,40,0
10278,40,0
10279,40,0
10280,40,0
10281,40,0
10282,41,0
10283,41,0
10284,41,0
10285,41,0
10286,41,0
10287,41,0
10288,41,0
10289,41,0
10290,41,0
10291,41,0
10292,41,0
10293,41,0
10294,41,0
10295,41,0
10296,41,0
10297,41,0
10298,41,0
10299,41,0
10300,42,0
10301,42,0
10302,42,0
10303,42,0
10304,42,0
10305,42,0
10306,42,0
10307,42,0
10308,42,0
10309,42,0
10310,42,0
10311,42,0
10312,42,0
10313,42,0
10314,42,0
10315,42,0
10316,42,0
10317,42,0
10318,42,0
10319,42,0
10320,42,0
10321,42,0
10322,42,0
10323,42,0
10324,42,0
10325,42,0
10326,42,0
10327,42,0
10328,42,0
10329,42,0
10330,42,0
10331,42,0
10332,42,0
10333,42,0
10334,42,0
10335,42,0
10336,42,0
10337,42,0
10338,42,0
10339,42,0
10340,42,0
10341,42,0
10342,42,0
10343,42,0
10344,41,0
10345,42,0
10346,42,0
10347,42,0
10348,42,0
10349,42,0
10350,42,0
10351,42,0
10352,42,0
10353,42,0
10354,42,0
10355,41,0
10356,41,0
10357,41,0
10358,41,0
10359,41,0
10360,41,0
10361,41,0
10362,41,0
10363,41,0
10364,41,0
10365,40,0
10366,40,0
10367,40,0
10368,40,0
10369,40,0
10370,40,0
10371,40,0
10372,40,0
10373,40,0
10374,40,0
10375,40,0
10376,40,0
10377,39,0
10378,39,0
10379,39,0
10380,39,0
10381,39,0
10382,39,0
10383,39,0
10384,39,0
10385,39,0
10386,39,0
10387,39,0
10388,39,0
10389,39,0
10390,39,0
10391,39,0
10392,39,0
10393,39,0
10394,39,0
10395,39,0
10396,39,0
10397,39,0
10398,39,0
10399,39,0
10400,39,0
10401,39,0
10402,39,0
10403,39,0
10404,39,0
10405,39,0
10406,39,0
10407,39,0
10408,39,0
10409,39,0
10410,39,0
10411,39,0
10412,39,0
10413,39,0
10414,39,0
10415,39,0
10416,39,0
10417,39,0
10418,39,0
10419,39,0
10420,39,0
10421,39,0
10422,39,0
10423,39,0
10424,39,0
10425,39,0
10426,39,0
10427,39,0
10428,39,0
10429,39,0
10430,39,0
10431,39,0
10432,39,0
10433,39,0
10434,39,0
10435,39,0
10436,39,0
10437,39,0
10438,39,0
10439,39,0
10440,39,0
10441,39,0
10442,39,0
10443,39,0
10444,39,0
10445,38,0
10446,38,0
10447,38,0
10448,38,0
10449,38,0
10450,38,0
10451,38,0
10452,38,0
10453,38,0
10454,38,0
10455,38,0
10456,38,0
10457,38,0
10458,38,0
10459,38,0
10460,38,0
10461,38,0
10462,38,0
10463,38,0
10464,38,0
10465,38,0
10466,38,0
10467,38,0
10468,38,0
10469,38,0
10470,38,0
10471,38,0
10472,38,0
10473,38,0
10474,38,0
10475,38,0
10476,38,0
10477,38,0
10478,38,0
10479,38,0
10480,38,0
10481,38,0
10482,38,0
10483,38,0
10484,38,0
10485,38,0
10486,38,0
10487,38,0
10488,38,0
10489,38,0
10490,38,0
10491,38,0
10492,38,0
10493,38,0
10494,38,0
10495,38,0
10496,38,0
10497,38,0
10498,38,0
10499,38,0
10500,38,0
10501,38,0
10502,38,0
10503,38,0
10504,38,0
10505,38,0
10506,38,0
10507,38,0
10508,38,0
10509,38,0
10510,38,0
10511,37,0
10512,37,0
10513,37,0
10514,37,0
10515,37,0
10516,37,0
10517,37,0
10518,37,0
10519,37,0
10520,37,0
10521,37,0
10522,37,0
10523,37,0
10524,37,0
10525,37,0
10526,37,0
10527,37,0
10528,37,0
10529,37,0
10530,37,0
10531,37,0
10532,36,0
10533,36,0
10534,36,0
10535,36,0
10536,36,0
10537,36,0
10538,36,0
10539,36,0
10540,36,0
10541,36,0
10542,36,0
10543,36,0
10544,35,0
10545,35,0
10546,35,0
10547,35,0
10548,35,0
10549,35,0
10550,35,0
10551,35,0
10552,35,0
10553,35,0
10554,35,0
10555,35,0
10556,35,0
10557,35,0
10558,35,0
10559,35,0
10560,35,0
10561,35,0
10562,35,0
10563,35,0
10564,35,0
10565,35,0
10566,35,0
10567,35,0
10568,35,0
10569,35,0
10570,35,0
10571,35,0
10572,35,0
10573,35,0
10574,35,0
10575,35,0
10576,35,0
10577,35,0
10578,35,0
10579,35,0
10580,35,0
10581,35,0
10582,35,0
10583,35,0
10584,35,0
10585,35,0
10586,36,0
10587,36,0
10588,36,0
10589,36,0
10590,36,0
10591,36,0
10592,36,0
10593,36,0
10594,36,0
10595,36,0
10596,36,0
10597,36,0
10598,36,0
10599,36,0
10600,36,0
10601,36,0
10602,36,0
10603,37,0
10604,37,0
10605,37,0
10606,37,0
10607,36,0
10608,36,0
10609,36,0
10610,36,0
10611,36,0
10612,36,0
10613,36,0
10614,36,0
10615,36,0
10616,36,0
10617,36,0
10618,36,0
10619,36,0
10620,36,0
10621,36,0
10622,37,0
10623,37,0
10624,37,0
10625,37,0
10626,37,0
10627,37,0
10628,37,0
10629,38,0
10630,38,0
10631,38,0
10632,38,0
10633,37,0
10634,37,0
10635,37,0
10636,37,0
10637,37,0
10638,38,0
10639,38,0
10640,38,0
10641,38,0
10642,38,0
10643,38,0
10644,38,0
10645,38,0
10646,38,0
10647,38,0
10648,38,0
10649,38,0
10650,38,0
10651,38,0
10652,38,0
10653,38,0
10654,38,0
10655,38,0
10656,38,0
10657,38,0
10658,38,0
10659,38,0
10660,38,0
10661,38,0
10662,38,0
10663,38,0
10664,38,0
10665,38,0
10666,38,0
10667,38,0
10668,38,0
10669,38,0
10670,38,0
10671,38,0
10672,38,0
10673,37,0
10674,37,0
10675,37,0
10676,37,0
10677,37,0
10678,36,0
10679,36,0
10680,36,0
10681,37,0
10682,37,0
10683,37,0
10684,37,0
10685,37,0
10686,37,0
10687,37,0
10688,37,0
10689,37,0
10690,37,0
10691,37,0
10692,37,0
10693,37,0
10694,37,0
10695,37,0
10696,37,0
10697,37,0
10698,37,0
10699,37,0
10700,37,0
10701,37,0
10702,37,0
10703,37,0
10704,37,0
10705,37,0
10706,37,0
10707,37,0
10708,37,0
10709,37,0
10710,37,0
10711,37,0
10712,37,0
10713,36,0
10714,36,0
10715,36,0
10716,36,0
10717,36,0
10718,36,0
10719,36,0
10720,36,0
10721,36,0
10722,36,0
10723,36,0
10724,36,0
10725,36,0
10726,36,0
10727,36,0
10728,37,0
10729,37,0
10730,37,0
10731,37,0
10732,37,0
10733,37,0
10734,37,0
10735,37,0
10736,37,0
10737,37,0
10738,37,0
10739,37,0
10740,37,0
10741,37,0
10742,37,0
10743,37,0
10744,37,0
10745,37,0
10746,37,0
10747,37,0
10748,37,0
10749,37,0
10750,37,0
10751,37,0
10752,37,0
10753,37,0
10754,37,0
10755,37,0
10756,37,0
10757,37,0
10758,37,0
10759,37,0
10760,37,0
10761,37,0
10762,37,0
10763,37,0
10764,37,0
10765,37,0
10766,37,0
10767,37,0
10768,37,0
10769,37,0
10770,37,0
10771,37,0
10772,37,0
10773,37,0
10774,37,0
10775,37,0
10776,37,0
10777,37,0
10778,37,0
10779,37,0
10780,37,0
10781,37,0
10782,38,0
10783,38,0
10784,38,0
10785,38,0
10786,38,0
10787,38,0
10788,38,0
10789,38,0
10790,38,0
10791,38,0
10792,38,0
10793,38,0
10794,38,0
10795,39,1
10796,39,1
10797,39,1
10798,39,1
10799,39,1
10800,38,1
10801,38,1
10802,38,1
10803,38,1
10804,38,1
10805,38,1
10806,38,1
10807,37,1
10808,37,1
10809,37,1
10810,37,1
10811,37,1
10812,37,1
10813,37,1
10814,37,1
10815,37,1
10816,37,1
10817,37,1
10818,37,1
10819,38,1
10820,38,1
10821,38,1
10822,38,1
10823,38,1
10824,38,1
10825,38,1
10826,38,1
10827,38,1
10828,38,1
10829,38,1
10830,38,1
10831,38,1
10832,38,1
10833,38,1
10834,38,1
10835,38,1
10836,38,1
10837,38,1
10838,38,1
10839,38,1
10840,37,1
10841,37,1
10842,37,1
10843,37,1
10844,37,1
10845,37,1
10846,37,1
10847,37,1
10848,37,1
10849,37,1
10850,37,1
10851,37,1
10852,37,1
10853,37,1
10854,37,1
10855,37,1
10856,37,1
10857,37,1
10858,37,1
10859,37,1
10860,37,1
10861,37,1
10862,37,1
10863,37,1
10864,37,1
10865,37,1
10866,37,1
10867,37,1
10868,37,1
10869,37,1
10870,37,1
10871,37,1
10872,37,1
10873,37,1
10874,37,1
10875,37,1
10876,37,1
10877,37,1
10878,37,1
10879,37,1
10880,38,1
10881,38,1
10882,38,1
10883,38,1
10884,38,1
10885,38,1
10886,38,1
10887,38,1
10888,38,1
10889,38,1
10890,38,1
10891,38,1
10892,38,1
10893,38,1
10894,38,1
10895,38,1
10896,38,1
10897,37,1
10898,37,1
10899,37,1
10900,37,1
10901,37,1
10902,37,1
10903,37,1
10904,37,1
10905,37,1
10906,37,1
10907,37,1
10908,37,1
10909,37,1
10910,37,1
10911,37,1
10912,38,2
10913,38,2
10914,38,2
10915,38,2
10916,38,2
10917,38,2
10918,38,2
10919,38,2
10920,38,2
10921,38,2
10922,38,2
10923,38,2
10924,38,2
10925,38,2
10926,38,2
10927,38,2
10928,38,2
10929,38,2
10930,37,2
10931,37,2
10932,37,2
10933,37,2
10934,37,2
10935,37,2
10936,37,2
10937,37,2
10938,37,2
10939,37,2
10940,37,2
10941,36,2
10942,36,2
10943,36,2
10944,36,2
10945,36,2
10946,36,2
10947,36,2
10948,36,2
10949,36,2
10950,36,2
10951,36,2
10952,36,2
10953,36,2
10954,36,2
10955,36,2
10956,36,2
10957,36,2
10958,36,2
10959,36,2
10960,36,2
10961,36,2
10962,36,2
10963,35,2
10964,35,2
10965,35,2
10966,35,2
10967,35,2
10968,35,2
10969,35,2
10970,35,2
10971,35,2
10972,35,2
10973,35,2
10974,35,2
10975,35,2
10976,35,2
10977,35,2
10978,35,2
10979,35,2
10980,35,2
10981,35,2
10982,35,2
10983,35,2
10984,35,2
10985,35,2
10986,35,2
10987,35,2
10988,35,2
10989,35,2
10990,35,2
10991,35,2
10992,35,2
10993,35,2
10994,35,2
10995,35,2
10996,35,2
10997,35,2
10998,35,2
10999,35,2
11000,35,2
11001,35,2
11002,35,2
11003,35,2
11004,36,2
11005,36,2
11006,36,2
11007,36,2
11008,36,2
11009,36,2
11010,36,2
11011,36,2
11012,36,2
11013,36,2
11014,36,2
11015,36,2
11016,36,2
11017,36,2
11018,36,2
11019,37,2
11020,37,2
11021,37,2
11022,37,2
11023,37,2
11024,37,2
11025,37,2
11026,37,2
11027,37,2
11028,37,2
11029,37,2
11030,37,2
11031,37,2
11032,37,2
11033,37,2
11034,37,2
11035,37,2
11036,37,2
11037,37,2
11038,37,2
11039,37,2
11040,37,2
11041,37,2
11042,37,2
11043,37,2
11044,37,2
11045,37,2
11046,37,2
11047,37,2
11048,37,2
11049,37,2
11050,37,2
11051,37,2
11052,37,2
11053,37,2
11054,37,2
11055,37,2
11056,37,2
11057,37,2
11058,37,2
11059,37,2
11060,37,2
11061,37,2
11062,37,2
11063,37,2
11064,37,2
11065,37,2
11066,37,2
11067,37,2
11068,37,2
11069,37,2
11070,37,2
11071,37,2
11072,37,2
11073,37,2
11074,37,2
11075,36,2
11076,36,2
11077,36,2
11078,36,2
11079,36,2
11080,36,2
11081,36,2
11082,36,2
11083,36,2
11084,36,2
11085,35,2
11086,35,2
11087,35,2
11088,36,2
11089,36,2
11090,36,2
11091,36,2
11092,36,2
11093,37,2
11094,37,2
11095,37,2
11096,37,2
11097,37,2
11098,37,2
11099,37,2
11100,37,2
11101,37,2
11102,37,2
11103,37,2
11104,37,2
11105,37,2
11106,37,2
11107,37,2
11108,37,2
11109,37,2
11110,37,2
11111,37,2
11112,37,2
11113,38,2
11114,38,2
11115,38,2
11116,38,2
11117,38,2
11118,38,2
11119,38,2
11120,38,2
11121,38,2
11122,38,2
11123,38,2
11124,38,2
11125,38,2
11126,38,2
11127,38,2
11128,38,2
11129,38,2
11130,37,2
11131,37,2
11132,37,2
11133,37,2
11134,37,2
11135,37,2
11136,37,2
11137,37,2
11138,37,2
11139,37,2
11140,37,2
11141,36,2
11142,36,2
11143,36,2
11144,37,2
11145,37,2
11146,37,2
11147,37,2
11148,37,2
11149,37,2
11150,37,2
11151,37,2
11152,37,2
11153,37,2
11154,37,2
11155,37,2
11156,37,2
11157,37,2
11158,37,2
11159,37,2
11160,37,2
11161,37,2
11162,37,2
11163,37,2
11164,37,2
11165,37,2
11166,37,2
11167,37,2
11168,37,2
11169,37,2
11170,38,2
11171,38,2
11172,38,2
11173,38,2
11174,38,2
11175,38,2
11176,38,2
11177,38,2
11178,38,2
11179,38,2
11180,38,2
11181,38,2
11182,38,2
11183,38,2
11184,38,2
11185,38,2
11186,37,2
11187,37,2
11188,37,2
11189,37,2
11190,37,2
11191,38,2
11192,38,2
11193,38,2
11194,38,2
11195,38,2
11196,38,2
11197,38,2
11198,38,2
11199,38,2
11200,38,2
11201,38,2
11202,38,2
11203,38,2
11204,38,2
11205,38,2
11206,38,2
11207,38,2
11208,38,2
11209,38,2
11210,38,2
11211,38,2
11212,38,2
11213,38,2
11214,38,2
11215,38,2
11216,38,2
11217,38,2
11218,38,2
11219,37,2
11220,37,2
11221,38,3
11222,38,3
11223,38,3
11224,38,3
11225,38,3
11226,38,3
11227,38,3
11228,38,3
11229,38,3
11230,38,3
11231,38,3
11232,38,3
11233,38,3
11234,38,3
11235,38,3
11236,38,3
11237,38,3
11238,38,3
11239,38,3
11240,38,3
11241,38,3
11242,38,3
11243,38,3
11244,38,3
11245,38,3
11246,38,3
11247,38,3
11248,38,3
11249,38,3
11250,38,3
11251,38,3
11252,38,3
11253,38,3
11254,38,3
11255,38,3
11256,38,3
11257,38,3
11258,38,3
11259,38,3
11260,38,3
11261,38,3
11262,38,3
11263,38,3
11264,38,3
11265,38,3
11266,38,3
11267,38,3
11268,38,3
11269,38,3
11270,38,3
11271,38,3
11272,38,3
11273,38,3
11274,38,3
11275,38,3
11276,38,3
11277,38,3
11278,38,3
11279,38,3
11280,38,3
11281,38,3
11282,38,3
11283,38,3
11284,38,3
11285,38,3
11286,38,3
11287,38,3
11288,39,3
11289,39,3
11290,39,3
11291,39,3
11292,39,3
11293,39,3
11294,39,3
11295,39,3
11296,39,3
11297,39,3
11298,39,3
11299,39,3
11300,39,3
11301,39,3
11302,39,3
11303,39,3
11304,39,3
11305,39,3
11306,39,3
11307,39,3
11308,39,3
11309,39,3
11310,39,3
11311,39,3
11312,39,3
11313,39,3
11314,39,3
11315,39,3
11316,39,3
11317,39,3
11318,39,3
11319,39,3
11320,39,3
11321,39,3
11322,39,3
11323,39,3
11324,39,3
11325,39,3
11326,39,3
11327,39,3
11328,39,3
11329,39,3
11330,39,3
11331,39,3
11332,39,3
11333,39,3
11334,39,3
11335,39,3
11336,39,3
11337,39,3
11338,39,3
11339,40,3
11340,40,3
11341,40,3
11342,40,3
11343,40,3
11344,40,3
11345,40,3
11346,40,3
11347,40,3
11348,41,3
11349,41,3
11350,41,3
11351,41,3
11352,41,3
11353,41,3
11354,41,3
11355,41,3
11356,41,3
11357,41,3
11358,41,3
11359,41,3
11360,41,3
11361,41,3
11362,41,3
11363,41,3
11364,41,3
11365,41,3
11366,41,3
11367,41,3
11368,41,3
11369,41,3
11370,41,3
11371,41,3
11372,41,3
11373,41,3
11374,41,3
11375,41,3
11376,41,3
11377,41,3
11378,41,3
11379,41,3
11380,41,3
11381,41,3
11382,41,3
11383,41,3
11384,41,3
11385,41,3
11386,41,3
11387,41,3
11388,41,3
11389,41,3
11390,41,3
11391,41,3
11392,41,3
11393,41,3
11394,41,3
11395,41,3
11396,41,3
11397,41,3
11398,40,3
11399,40,3
11400,40,3
11401,40,3
11402,40,3
11403,40,3
11404,40,3
11405,40,3
11406,40,3
11407,40,3
11408,40,3
11409,40,3
11410,40,3
11411,40,3
11412,40,3
11413,40,3
11414,40,3
11415,40,3
11416,40,3
11417,40,3
11418,40,3
11419,40,3
11420,40,3
11421,40,3
11422,40,3
11423,40,3
11424,40,3
11425,40,3
11426,40,3
11427,40,3
11428,40,3
11429,40,3
11430,40,3
11431,40,3
11432,40,3
11433,40,3
11434,40,3
11435,40,3
11436,40,3
11437,40,3
11438,40,3
11439,40,3
11440,40,3
11441,40,3
11442,40,3
11443,40,3
11444,40,3
11445,40,3
11446,40,3
11447,40,3
11448,40,3
11449,40,3
11450,40,3
11451,40,3
11452,40,3
11453,40,3
11454,40,3
11455,40,3
11456,40,3
11457,40,3
11458,40,3
11459,40,3
11460,40,3
11461,40,3
11462,40,3
11463,40,3
11464,40,3
11465,40,3
11466,40,3
11467,40,3
11468,40,3
11469,40,3
11470,40,3
11471,40,3
11472,40,3
11473,40,3
11474,40,3
11475,40,3
11476,40,3
11477,40,3
11478,40,3
11479,40,3
11480,40,3
11481,40,3
11482,40,3
11483,40,3
11484,40,3
11485,40,3
11486,40,3
11487,40,3
11488,40,3
11489,40,3
11490,40,3
11491,40,3
11492,40,3
11493,40,3
11494,40,3
11495,40,3
11496,40,3
11497,40,3
11498,40,3
11499,40,3
11500,40,3
11501,40,3
11502,40,3
11503,40,3
11504,40,3
11505,40,3
11506,40,3
11507,40,3
11508,40,3
11509,40,3
11510,40,3
11511,40,3
11512,40,3
11513,41,3
11514,41,3
11515,41,3
11516,41,3
11517,41,3
11518,41,3
11519,41,3
11520,40,3
11521,40,3
11522,40,3
11523,40,3
11524,40,3
11525,40,3
11526,40,3
11527,40,3
11528,40,3
11529,40,3
11530,41,3
11531,41,3
11532,41,3
11533,41,3
11534,41,3
11535,41,3
11536,41,3
11537,41,3
11538,41,3
11539,41,3
11540,41,3
11541,40,3
11542,40,3
11543,40,3
11544,40,3
11545,40,3
11546,40,3
11547,40,3
11548,40,3
11549,40,3
11550,40,3
11551,40,3
11552,40,3
11553,39,3
11554,39,3
11555,39,3
11556,39,3
11557,39,3
11558,39,3
11559,39,3
11560,39,3
11561,39,3
11562,39,3
11563,39,3
11564,39,3
11565,39,3
11566,39,3
11567,39,3
11568,39,3
11569,39,3
11570,39,3
11571,39,3
11572,39,3
11573,39,3
11574,39,3
11575,39,3
11576,39,3
11577,39,3
11578,39,3
11579,39,3
11580,40,3
11581,40,3
11582,40,3
11583,40,3
11584,40,3
11585,40,3
11586,40,3
11587,40,3
11588,40,3
11589,40,3
11590,40,3
11591,40,3
11592,40,3
11593,40,3
11594,40,3
11595,40,3
11596,40,3
11597,40,3
11598,39,2
11599,39,2
11600,40,2
11601,40,2
11602,41,2
11603,41,2
11604,41,2
11605,41,2
11606,41,2
11607,41,2
11608,41,2
11609,41,2
11610,41,2
11611,41,2
11612,41,2
11613,41,2
11614,41,2
11615,41,2
11616,41,2
11617,41,2
11618,41,2
11619,41,2
11620,41,2
11621,41,2
11622,41,2
11623,41,2
11624,41,2
11625,41,2
11626,41,2
11627,41,2
11628,41,2
11629,41,2
11630,41,2
11631,41,2
11632,41,2
11633,41,2
11634,41,2
11635,41,2
11636,41,2
11637,41,2
11638,41,2
11639,41,2
11640,41,2
11641,41,2
11642,41,2
11643,41,2
11644,41,2
11645,41,2
11646,41,2
11647,41,2
11648,41,2
11649,41,2
11650,41,2
11651,41,2
11652,41,2
11653,41,2
11654,41,2
11655,41,2
11656,41,2
11657,41,2
11658,41,2
11659,41,2
11660,41,2
11661,41,2
11662,41,2
11663,41,2
11664,41,2
11665,41,2
11666,41,2
11667,41,2
11668,41,2
11669,41,2
11670,41,2
11671,41,2
11672,41,2
11673,41,2
11674,41,2
11675,41,2
11676,41,2
11677,41,2
11678,41,2
11679,41,2
11680,42,2
11681,42,2
11682,42,2
11683,42,2
11684,42,2
11685,42,2
11686,42,2
11687,41,2
11688,41,2
11689,41,2
11690,41,2
11691,41,2
11692,41,2
11693,41,2
11694,41,2
11695,41,2
11696,41,2
11697,41,2
11698,41,2
11699,41,2
11700,41,2
11701,41,2
11702,41,2
11703,41,2
11704,41,2
11705,41,2
11706,41,2
11707,41,2
11708,41,2
11709,41,2
11710,41,2
11711,41,2
11712,41,2
11713,41,2
11714,41,2
11715,41,2
11716,41,2
11717,41,2
11718,41,2
11719,41,2
11720,40,2
11721,40,2
11722,40,2
11723,40,2
11724,40,2
11725,40,2
11726,40,2
11727,40,2
11728,40,2
11729,40,2
11730,40,2
11731,40,2
11732,40,2
11733,39,2
11734,39,2
11735,39,2
11736,39,2
11737,39,2
11738,39,2
11739,39,2
11740,39,2
11741,39,2
11742,39,2
11743,39,2
11744,38,2
11745,38,2
11746,38,2
11747,38,2
11748,38,2
11749,38,2
11750,38,2
11751,38,2
11752,38,2
11753,38,2
11754,38,2
11755,38,2
11756,38,2
11757,38,2
11758,38,2
11759,38,2
11760,38,2
11761,38,2
11762,38,2
11763,38,2
11764,38,2
11765,38,2
11766,38,2
11767,38,2
11768,38,2
11769,38,2
11770,38,2
11771,38,2
11772,38,2
11773,38,2
11774,38,2
11775,38,2
11776,38,2
11777,38,2
11778,38,2
11779,38,2
11780,38,2
11781,38,2
11782,38,2
11783,38,2
11784,38,2
11785,38,2
11786,38,2
11787,38,2
11788,38,2
11789,38,2
11790,38,2
11791,38,2
11792,38,2
11793,38,2
11794,38,2
11795,38,2
11796,39,3
11797,39,3
11798,39,3
11799,39,3
11800,39,3
11801,39,3
11802,39,3
11803,39,3
11804,39,3
11805,38,3
11806,38,3
11807,38,3
11808,38,3
11809,38,3
11810,38,3
11811,38,3
11812,38,3
11813,38,3
11814,38,3
11815,38,3
11816,38,3
11817,38,3
11818,38,3
11819,38,3
11820,38,3
11821,38,3
11822,38,3
11823,38,3
11824,38,3
11825,38,3
11826,38,3
11827,38,3
11828,39,3
11829,39,3
11830,39,3
11831,39,3
11832,39,3
11833,39,3
11834,39,3
11835,39,3
11836,39,3
11837,39,3
11838,39,3
11839,39,3
11840,39,3
11841,39,3
11842,39,3
11843,38,3
11844,38,3
11845,38,3
11846,38,3
11847,38,3
11848,38,3
11849,39,3
11850,39,3
11851,39,3
11852,39,3
11853,39,3
11854,39,3
11855,39,3
11856,39,3
11857,39,3
11858,39,3
11859,39,3
11860,39,3
11861,39,3
11862,39,3
11863,39,3
11864,40,3
11865,40,3
11866,40,3
11867,40,3
11868,40,3
11869,40,3
11870,40,3
11871,40,3
11872,40,3
11873,40,3
11874,40,3
11875,40,3
11876,40,3
11877,40,3
11878,40,3
11879,40,3
11880,40,3
11881,40,3
11882,40,3
11883,40,3
11884,41,3
11885,41,3
11886,41,3
11887,41,3
11888,41,3
11889,41,3
11890,41,3
11891,41,3
11892,41,3
11893,41,3
11894,41,3
11895,41,3
11896,41,3
11897,41,3
11898,41,3
11899,41,3
11900,41,3
11901,41,3
11902,41,3
11903,41,3
11904,40,3
11905,40,3
11906,40,3
11907,40,3
11908,40,3
11909,40,3
11910,40,3
11911,40,3
11912,40,3
11913,40,3
11914,40,3
11915,40,3
11916,40,3
11917,40,3
11918,40,3
11919,40,3
11920,40,3
11921,40,3
11922,40,3
11923,40,3
11924,39,3
11925,39,3
11926,39,3
11927,39,3
11928,39,3
11929,39,3
11930,39,3
11931,39,3
11932,39,3
11933,39,3
11934,39,3
11935,39,3
11936,39,3
11937,39,3
11938,39,3
11939,39,3
11940,39,3
11941,39,3
11942,39,3
11943,39,3
11944,39,3
11945,39,3
11946,39,3
11947,39,3
11948,39,3
11949,39,3
11950,39,3
11951,39,3
11952,39,3
11953,39,3
11954,39,3
11955,39,3
11956,39,3
11957,39,3
11958,39,3
11959,39,3
11960,39,3
11961,39,3
11962,39,3
11963,39,3
11964,39,3
11965,39,3
11966,39,3
11967,39,3
11968,39,3
11969,39,3
11970,39,3
11971,39,3
11972,40,3
11973,40,3
11974,40,3
11975,40,3
11976,40,3
11977,40,3
11978,40,3
11979,40,3
11980,40,3
11981,40,3
11982,40,3
11983,40,3
11984,40,3
11985,40,3
11986,40,3
11987,40,3
11988,40,3
11989,40,3
11990,40,3
11991,40,3
11992,40,3
11993,40,3
11994,40,3
11995,40,3
11996,40,3
11997,40,3
11998,40,3
11999,40,3
12000,40,3
12001,40,3
12002,40,3
12003,40,3
12004,40,3
12005,40,3
12006,40,3
12007,40,3
12008,40,3
12009,40,3
12010,40,3
12011,40,3
12012,40,3
12013,40,3
12014,40,3
12015,40,3
12016,40,3
12017,40,3
12018,40,3
12019,40,3
12020,40,3
12021,40,3
12022,40,3
12023,41,3
12024,41,3
12025,41,3
12026,41,3
12027,41,3
12028,41,3
12029,41,3
12030,41,3
12031,41,3
12032,41,3
12033,41,3
12034,41,3
12035,41,3
12036,41,3
12037,41,3
12038,41,3
12039,41,3
12040,41,3
12041,41,3
12042,41,3
12043,41,3
12044,41,3
12045,41,3
12046,41,3
12047,41,3
12048,41,3
12049,41,3
12050,41,3
12051,41,3
12052,41,3
12053,41,3
12054,41,3
12055,41,3
12056,41,3
12057,41,3
12058,41,3
12059,41,3
12060,41,3
12061,41,3
12062,41,3
12063,41,3
12064,41,3
12065,41,3
12066,41,3
12067,41,3
12068,41,3
12069,41,3
12070,41,3
12071,41,3
12072,41,3
12073,41,3
12074,41,3
12075,41,3
12076,41,3
12077,41,3
12078,41,3
12079,41,3
12080,41,3
12081,41,3
12082,41,3
12083,41,3
12084,41,3
12085,41,3
12086,41,3
12087,41,3
12088,41,3
12089,41,3
12090,41,3
12091,41,3
12092,40,2
12093,40,2
12094,40,2
12095,40,2
12096,40,2
12097,40,2
12098,40,2
12099,40,2
12100,40,2
12101,40,2
12102,40,2
12103,40,2
12104,40,2
12105,40,2
12106,40,2
12107,40,2
12108,40,2
12109,40,2
12110,40,2
12111,40,2
12112,40,2
12113,40,2
12114,40,2
12115,40,2
12116,41,2
12117,41,2
12118,41,2
12119,41,2
12120,41,2
12121,41,2
12122,41,2
12123,41,2
12124,41,2
12125,41,2
12126,41,2
12127,41,2
12128,41,2
12129,41,2
12130,41,2
12131,41,2
12132,41,2
12133,41,2
12134,41,2
12135,41,2
12136,41,2
12137,41,2
12138,41,2
12139,41,2
12140,41,2
12141,41,2
12142,41,2
12143,41,2
12144,41,2
12145,41,2
12146,41,2
12147,41,2
12148,41,2
12149,41,2
12150,41,2
12151,41,2
12152,41,2
12153,41,2
12154,41,2
12155,41,2
12156,41,2
12157,41,2
12158,41,2
12159,41,2
12160,41,2
12161,41,2
12162,41,2
12163,41,2
12164,41,2
12165,41,2
12166,41,2
12167,41,2
12168,40,2
12169,40,2
12170,40,2
12171,40,2
12172,40,2
12173,41,2
12174,42,2
12175,42,2
12176,42,2
12177,42,2
12178,42,2
12179,42,2
12180,42,2
12181,42,2
12182,42,2
12183,42,2
12184,42,2
12185,42,2
12186,42,2
12187,42,2
12188,42,2
12189,42,2
12190,42,2
12191,41,2
12192,41,2
12193,41,2
12194,41,2
12195,41,2
12196,41,2
12197,41,2
12198,41,2
12199,41,2
12200,41,2
12201,41,2
12202,42,3
12203,42,3
12204,42,3
12205,42,3
12206,42,3
12207,42,3
12208,42,3
12209,42,3
12210,43,3
12211,43,3
12212,43,3
12213,43,3
12214,43,3
12215,43,3
12216,43,3
12217,43,3
12218,43,3
12219,43,3
12220,43,3
12221,43,3
12222,43,3
12223,43,3
12224,43,3
12225,43,3
12226,43,3
12227,43,3
12228,43,3
12229,43,3
12230,43,3
12231,43,3
12232,43,3
12233,43,3
12234,43,3
12235,43,3
12236,43,3
12237,43,3
12238,43,3
12239,43,3
12240,43,3
12241,43,3
12242,43,3
12243,43,3
12244,43,3
12245,43,3
12246,43,3
12247,43,3
12248,43,3
12249,43,3
12250,43,3
12251,43,3
12252,43,3
12253,43,3
12254,43,3
12255,43,3
12256,43,3
12257,43,3
12258,43,3
12259,43,3
12260,43,3
12261,43,3
12262,43,3
12263,43,3
12264,43,3
12265,43,3
12266,43,3
12267,43,3
12268,43,3
12269,43,3
12270,43,3
12271,43,3
12272,43,3
12273,43,3
12274,43,3
12275,43,3
12276,43,3
12277,43,3
12278,43,3
12279,43,3
12280,43,3
12281,43,3
12282,43,3
12283,43,3
12284,43,3
12285,43,3
12286,43,3
12287,43,3
12288,43,3
12289,43,3
12290,43,3
12291,43,3
12292,43,3
12293,43,3
12294,43,3
12295,43,3
12296,43,3
12297,43,3
12298,43,3
12299,43,3
12300,43,3
12301,43,3
12302,43,3
12303,43,3
12304,43,3
12305,43,3
12306,43,3
12307,43,3
12308,43,3
12309,43,3
12310,43,3
12311,43,3
12312,43,3
12313,43,3
12314,43,3
12315,43,3
12316,43,3
12317,43,3
12318,43,3
12319,43,3
12320,43,3
12321,43,3
12322,43,3
12323,43,3
12324,43,3
12325,43,3
12326,43,3
12327,43,3
12328,43,3
12329,43,3
12330,43,3
12331,43,3
12332,43,3
12333,43,3
12334,43,3
12335,43,3
12336,43,3
12337,42,3
12338,42,3
12339,42,3
12340,42,3
12341,42,3
12342,42,3
12343,42,3
12344,42,3
12345,42,3
12346,42,3
12347,42,3
12348,42,3
12349,42,3
12350,42,3
12351,42,3
12352,42,3
12353,42,3
12354,42,3
12355,42,3
12356,42,3
12357,42,3
12358,42,3
12359,42,3
12360,42,3
12361,41,3
12362,41,3
12363,41,3
12364,41,3
12365,41,3
12366,41,3
12367,41,3
12368,41,3
12369,41,3
12370,41,3
12371,41,3
12372,41,3
12373,41,3
12374,41,3
12375,41,3
12376,41,3
12377,41,3
12378,41,3
12379,41,3
12380,41,3
12381,42,3
12382,42,3
12383,42,3
12384,42,3
12385,42,3
12386,42,3
12387,42,3
12388,42,3
12389,42,3
12390,42,3
12391,42,3
12392,42,3
12393,42,3
12394,41,3
12395,41,3
12396,41,3
12397,41,3
12398,41,3
12399,40,3
12400,40,3
12401,40,3
12402,40,3
12403,40,3
12404,40,3
12405,40,3
12406,40,3
12407,40,3
12408,40,3
12409,40,3
12410,40,3
12411,40,3
12412,40,3
12413,40,3
12414,40,3
12415,40,3
12416,40,3
12417,40,3
12418,40,3
12419,40,3
12420,40,3
12421,40,3
12422,40,3
12423,40,3
12424,40,3
12425,40,3
12426,40,3
12427,40,3
12428,40,3
12429,40,3
12430,40,3
12431,40,3
12432,39,3
12433,39,3
12434,39,3
12435,39,3
12436,39,3
12437,39,3
12438,39,3
12439,39,3
12440,39,3
12441,39,3
12442,39,3
12443,39,3
12444,39,3
12445,39,3
12446,39,3
12447,39,3
12448,39,3
12449,40,3
12450,40,3
12451,40,3
12452,40,3
12453,40,3
12454,40,3
12455,40,3
12456,40,3
12457,40,3
12458,40,3
12459,40,3
12460,39,3
12461,39,3
12462,39,3
12463,39,3
12464,39,3
12465,39,3
12466,39,3
12467,39,3
12468,39,3
12469,39,3
12470,39,3
12471,39,3
12472,39,3
12473,39,3
12474,39,3
12475,39,3
12476,39,3
12477,39,3
12478,39,3
12479,39,3
12480,39,3
12481,39,3
12482,39,3
12483,39,3
12484,39,3
12485,39,3
12486,39,3
12487,39,3
12488,39,3
12489,39,3
12490,39,3
12491,39,3
12492,39,3
12493,39,3
12494,39,3
12495,39,3
12496,39,3
12497,39,3
12498,39,3
12499,39,3
12500,39,3
12501,39,3
12502,39,3
12503,39,3
12504,39,3
12505,39,3
12506,39,3
12507,39,3
12508,39,3
12509,39,3
12510,39,3
12511,39,3
12512,39,3
12513,39,3
12514,39,3
12515,39,3
12516,39,3
12517,39,3
12518,39,3
12519,39,3
12520,39,3
12521,39,3
12522,39,3
12523,39,3
12524,39,3
12525,39,3
12526,39,3
12527,39,3
12528,39,3
12529,39,3
12530,39,3
12531,39,3
12532,39,3
12533,39,3
12534,39,3
12535,39,3
12536,39,3
12537,39,3
12538,39,3
12539,39,3
12540,39,3
12541,39,3
12542,39,3
12543,39,3
12544,39,3
12545,39,3
12546,39,3
12547,39,3
12548,39,3
12549,39,3
12550,39,3
12551,39,3
12552,39,3
12553,39,3
12554,39,3
12555,39,3
12556,39,3
12557,39,3
12558,39,3
12559,39,3
12560,39,3
12561,39,3
12562,39,3
12563,39,3
12564,38,3
12565,38,3
12566,38,3
12567,38,3
12568,38,3
12569,38,3
12570,38,3
12571,38,3
12572,38,3
12573,38,3
12574,38,3
12575,38,3
12576,38,3
12577,38,3
12578,38,3
12579,38,3
12580,38,3
12581,38,3
12582,38,3
12583,38,3
12584,38,3
12585,38,3
12586,38,3
12587,38,3
12588,38,3
12589,38,3
12590,38,3
12591,38,3
12592,38,3
12593,38,3
12594,39,3
12595,38,3
12596,38,3
12597,37,3
12598,37,3
12599,37,3
12600,37,3
12601,37,3
12602,37,3
12603,37,3
12604,37,3
12605,37,3
12606,37,3
12607,37,3
12608,38,3
12609,38,3
12610,38,3
12611,38,3
12612,38,3
12613,38,3
12614,38,3
12615,39,3
12616,39,3
12617,39,3
12618,39,3
12619,39,3
12620,39,3
12621,40,3
12622,40,3
12623,40,3
12624,40,3
12625,40,3
12626,40,3
12627,40,3
12628,39,2
12629,39,2
12630,38,2
12631,38,2
12632,38,2
12633,38,2
12634,38,2
12635,38,2
12636,38,2
12637,38,2
12638,38,2
12639,38,2
12640,38,2
12641,38,2
12642,38,2
12643,38,2
12644,38,2
12645,38,2
12646,38,2
12647,38,2
12648,38,2
12649,38,2
12650,38,2
12651,38,2
12652,38,2
12653,38,2
12654,38,2
12655,38,2
12656,38,2
12657,38,2
12658,38,2
12659,38,2
12660,38,2
12661,39,2
12662,39,2
12663,39,2
12664,39,2
12665,39,2
12666,39,2
12667,39,2
12668,39,2
12669,39,2
12670,39,2
12671,39,2
12672,39,2
12673,39,2
12674,39,2
12675,39,2
12676,39,2
12677,39,2
12678,39,2
12679,39,2
12680,39,2
12681,39,2
12682,40,2
12683,40,2
12684,40,2
12685,40,2
12686,40,2
12687,40,2
12688,40,2
12689,40,2
12690,40,2
12691,40,2
12692,40,2
12693,40,2
12694,40,2
12695,40,2
12696,40,2
12697,40,2
12698,40,2
12699,40,2
12700,40,2
12701,40,2
12702,40,2
12703,40,2
12704,40,2
12705,40,2
12706,40,2
12707,40,2
12708,40,2
12709,40,2
12710,40,2
12711,40,2
12712,40,2
12713,40,2
12714,40,2
12715,40,2
12716,40,2
12717,40,2
12718,40,2
12719,40,2
12720,40,2
12721,39,2
12722,39,2
12723,39,2
12724,39,2
12725,39,2
12726,39,2
12727,39,2
12728,39,2
12729,38,2
12730,38,2
12731,38,2
12732,38,2
12733,38,2
12734,38,2
12735,38,2
12736,38,2
12737,38,2
12738,38,2
12739,38,2
12740,38,2
12741,38,2
12742,38,2
12743,38,2
12744,38,2
12745,38,2
12746,38,2
12747,38,2
12748,38,2
12749,38,2
12750,38,2
12751,38,2
12752,38,2
12753,38,2
12754,38,2
12755,38,2
12756,38,2
12757,38,2
12758,38,2
12759,38,2
12760,38,2
12761,38,2
12762,38,2
12763,39,2
12764,39,2
12765,39,2
12766,39,2
12767,39,2
12768,39,2
12769,39,2
12770,39,2
12771,39,2
12772,39,2
12773,39,2
12774,39,2
12775,39,2
12776,39,2
12777,40,2
12778,40,2
12779,40,2
12780,40,2
12781,40,2
12782,40,2
12783,40,2
12784,40,2
12785,40,2
12786,41,2
12787,41,2
12788,41,2
12789,41,2
12790,41,2
12791,41,2
12792,41,2
12793,41,2
12794,41,2
12795,40,2
12796,40,2
12797,40,2
12798,40,2
12799,40,2
12800,40,2
12801,40,2
12802,40,2
12803,40,2
12804,40,2
12805,40,2
12806,40,2
12807,40,2
12808,40,2
12809,40,2
12810,40,2
12811,40,2
12812,40,2
12813,40,2
12814,40,2
12815,40,2
12816,40,2
12817,40,2
12818,40,2
12819,40,2
12820,40,2
12821,40,2
12822,40,2
12823,40,2
12824,40,2
12825,40,2
12826,40,2
12827,40,2
12828,40,2
12829,41,2
12830,41,2
12831,41,2
12832,41,2
12833,41,2
12834,41,2
12835,41,2
12836,41,2
12837,41,2
12838,41,2
12839,41,2
12840,41,2
12841,41,2
12842,41,2
12843,41,2
12844,41,2
12845,41,2
12846,41,2
12847,41,2
12848,41,2
12849,41,2
12850,41,2
12851,41,2
12852,41,2
12853,41,2
12854,41,2
12855,41,2
12856,41,2
12857,41,2
12858,41,2
12859,41,2
12860,41,2
12861,41,2
12862,41,2
12863,41,2
12864,41,2
12865,41,2
12866,41,2
12867,41,2
12868,41,2
12869,41,2
12870,41,2
12871,41,2
12872,41,2
12873,41,2
12874,41,2
12875,41,2
12876,41,2
12877,41,2
12878,41,2
12879,41,2
12880,42,2
12881,42,2
12882,42,2
12883,42,2
12884,42,2
12885,42,2
12886,42,2
12887,42,2
12888,42,2
12889,42,2
12890,42,2
12891,43,2
12892,43,2
12893,43,2
12894,43,2
12895,43,2
12896,43,2
12897,43,2
12898,43,2
12899,43,2
12900,43,2
12901,43,2
12902,43,2
12903,43,2
12904,43,2
12905,43,2
12906,43,2
12907,43,2
12908,43,2
12909,44,2
12910,44,2
12911,44,2
12912,44,2
12913,44,2
12914,44,2
12915,44,2
12916,44,2
12917,44,2
12918,44,2
12919,44,2
12920,44,2
12921,44,2
12922,44,2
12923,44,2
12924,44,2
12925,44,2
12926,44,2
12927,44,2
12928,44,2
12929,44,2
12930,44,2
12931,44,2
12932,44,2
12933,44,2
12934,44,2
12935,44,2
12936,44,2
12937,44,2
12938,44,2
12939,44,2
12940,44,2
12941,44,2
12942,44,2
12943,44,2
12944,44,2
12945,44,2
12946,44,2
12947,44,2
12948,44,2
12949,44,2
12950,44,2
12951,44,2
12952,44,2
12953,44,2
12954,43,2
12955,43,2
12956,43,2
12957,43,2
12958,44,2
12959,44,2
12960,44,2
12961,44,2
12962,44,2
12963,44,2
12964,44,2
12965,44,2
12966,44,2
12967,44,2
12968,44,2
12969,44,2
12970,44,2
12971,44,2
12972,44,2
12973,44,2
12974,44,2
12975,44,2
12976,44,2
12977,44,2
12978,44,2
12979,44,2
12980,44,2
12981,44,2
12982,44,2
12983,44,2
12984,44,2
12985,44,2
12986,44,2
12987,44,2
12988,44,2
12989,44,2
12990,44,2
12991,44,2
12992,44,2
12993,44,2
12994,44,2
12995,44,2
12996,44,2
12997,44,2
12998,44,2
12999,44,2
13000,44,2
13001,44,2
13002,44,2
13003,44,2
13004,44,2
13005,44,2
13006,44,2
13007,44,2
13008,44,2
13009,44,2
13010,44,2
13011,44,2
13012,44,2
13013,44,2
13014,44,2
13015,44,2
13016,44,2
13017,44,2
13018,44,2
13019,44,2
13020,44,2
13021,44,2
13022,44,2
13023,44,2
13024,44,2
13025,44,2
13026,43,2
13027,43,2
13028,43,2
13029,43,2
13030,43,2
13031,43,2
13032,43,2
13033,43,2
13034,43,2
13035,43,2
13036,43,2
13037,43,2
13038,43,2
13039,43,2
13040,43,2
13041,43,2
13042,43,2
13043,43,2
13044,42,2
13045,42,2
13046,42,2
13047,42,2
13048,42,2
13049,42,2
13050,42,2
13051,42,2
13052,42,2
13053,42,2
13054,42,2
13055,42,2
13056,42,2
13057,42,2
13058,42,2
13059,41,2
13060,41,2
13061,41,2
13062,41,2
13063,41,2
13064,41,2
13065,41,2
13066,41,2
13067,41,2
13068,41,2
13069,41,2
13070,41,2
13071,41,2
13072,41,2
13073,41,2
13074,41,2
13075,41,2
13076,41,2
13077,41,2
13078,41,2
13079,41,2
13080,41,2
13081,41,2
13082,41,2
13083,41,2
13084,41,2
13085,41,2
13086,41,2
13087,41,2
13088,41,2
13089,41,2
13090,41,2
13091,41,2
13092,41,2
13093,41,2
13094,41,2
13095,41,2
13096,41,2
13097,41,2
13098,41,2
13099,41,2
13100,41,2
13101,41,2
13102,41,2
13103,41,2
13104,41,2
13105,41,2
13106,41,2
13107,41,2
13108,41,2
13109,41,2
13110,41,2
13111,41,2
13112,41,2
13113,41,2
13114,41,2
13115,41,2
13116,41,2
13117,41,2
13118,41,2
13119,41,2
13120,41,2
13121,41,2
13122,40,2
13123,40,2
13124,40,2
13125,40,2
13126,40,2
13127,40,2
13128,40,2
13129,40,2
13130,40,2
13131,40,2
13132,40,2
13133,40,2
13134,40,2
13135,40,2
13136,40,2
13137,40,2
13138,40,2
13139,40,2
13140,40,2
13141,40,2
13142,40,2
13143,40,2
13144,40,2
13145,40,2
13146,40,2
13147,40,2
13148,40,2
13149,40,2
13150,40,2
13151,40,2
13152,40,2
13153,40,2
13154,40,2
13155,40,2
13156,40,2
13157,40,2
13158,39,2
13159,39,2
13160,39,2
13161,39,2
13162,39,2
13163,39,2
13164,39,2
13165,39,2
13166,39,2
13167,39,2
13168,39,2
13169,39,2
13170,39,2
13171,39,2
13172,39,2
13173,39,2
13174,39,2
13175,39,2
13176,40,2
13177,40,2
13178,40,2
13179,40,2
13180,40,2
13181,40,2
13182,40,2
13183,40,2
13184,40,2
13185,40,2
13186,40,2
13187,40,2
13188,40,2
13189,40,2
13190,40,2
13191,40,2
13192,40,2
13193,40,2
13194,40,2
13195,40,2
13196,40,2
13197,40,2
13198,40,2
13199,40,2
13200,40,2
13201,40,2
13202,40,2
13203,40,2
13204,41,2
13205,41,2
13206,41,2
13207,41,2
13208,41,2
13209,41,2
13210,41,2
13211,41,2
13212,41,2
13213,41,2
13214,41,2
13215,41,2
13216,41,2
13217,41,2
13218,41,2
13219,41,2
13220,41,2
13221,41,2
13222,41,2
13223,41,2
13224,41,2
13225,41,2
13226,41,2
13227,41,2
13228,41,2
13229,42,2
13230,42,2
13231,42,2
13232,42,2
13233,42,2
13234,42,2
13235,42,2
13236,42,2
13237,42,2
13238,42,2
13239,42,2
13240,42,2
13241,42,2
13242,42,2
13243,42,2
13244,42,2
13245,42,2
13246,42,2
13247,42,2
13248,42,2
13249,42,2
13250,42,2
13251,42,2
13252,42,2
13253,42,2
13254,42,2
13255,42,2
13256,42,2
13257,42,2
13258,42,2
13259,43,2
13260,43,2
13261,43,2
13262,43,2
13263,43,2
13264,43,2
13265,43,2
13266,43,2
13267,43,2
13268,43,2
13269,43,2
13270,43,2
13271,43,2
13272,43,2
13273,43,2
13274,43,2
13275,43,2
13276,43,2
13277,43,2
13278,43,2
13279,43,2
13280,43,2
13281,43,2
13282,43,2
13283,43,2
13284,43,2
13285,43,2
13286,43,2
13287,43,2
13288,43,2
13289,43,2
13290,43,2
13291,43,2
13292,43,2
13293,43,2
13294,43,2
13295,43,2
13296,43,2
13297,43,2
13298,43,2
13299,43,2
13300,43,2
13301,43,2
13302,43,2
13303,43,2
13304,43,2
13305,43,2
13306,43,2
13307,43,2
13308,43,2
13309,43,2
13310,43,2
13311,43,2
13312,43,2
13313,43,2
13314,43,2
13315,43,2
13316,43,2
13317,43,2
13318,43,2
13319,43,2
13320,43,2
13321,43,2
13322,43,2
13323,43,2
13324,43,2
13325,44,2
13326,44,2
13327,44,2
13328,44,2
13329,44,2
13330,44,2
13331,44,2
13332,44,2
13333,44,2
13334,44,2
13335,44,2
13336,44,2
13337,44,2
13338,44,2
13339,44,2
13340,44,2
13341,44,2
13342,44,2
13343,43,2
13344,43,2
13345,43,2
13346,43,2
13347,43,2
13348,43,2
13349,43,2
13350,43,2
13351,43,2
13352,43,2
13353,43,2
13354,43,2
13355,42,2
13356,41,2
13357,41,2
13358,41,2
13359,41,2
13360,41,2
13361,41,2
13362,41,2
13363,41,2
13364,41,2
13365,41,2
13366,41,2
13367,41,2
13368,41,2
13369,41,2
13370,41,2
13371,41,2
13372,41,2
13373,41,2
13374,41,2
13375,41,2
13376,42,2
13377,42,2
13378,43,2
13379,43,2
13380,43,2
13381,43,2
13382,43,2
13383,43,2
13384,43,2
13385,43,2
13386,43,2
13387,43,2
13388,43,2
13389,42,2
13390,42,2
13391,42,2
13392,42,2
13393,42,2
13394,42,2
13395,42,2
13396,42,2
13397,42,2
13398,42,2
13399,42,2
13400,42,2
13401,42,2
13402,42,2
13403,42,2
13404,42,2
13405,42,2
13406,42,2
13407,42,2
13408,42,2
13409,42,2
13410,42,2
13411,42,2
13412,42,2
13413,42,2
13414,42,2
13415,42,2
13416,42,2
13417,42,2
13418,42,2
13419,42,2
13420,42,2
13421,42,2
13422,42,2
13423,42,2
13424,42,2
13425,42,2
13426,42,2
13427,42,2
13428,42,2
13429,42,2
13430,42,2
13431,42,2
13432,42,2
13433,42,2
13434,42,2
13435,42,2
13436,42,2
13437,42,2
13438,42,2
13439,42,2
13440,42,2
13441,42,2
13442,41,2
13443,41,2
13444,41,2
13445,41,2
13446,41,2
13447,42,2
13448,42,2
13449,42,2
13450,42,2
13451,42,2
13452,42,2
13453,42,2
13454,42,2
13455,41,2
13456,41,2
13457,41,2
13458,41,2
13459,41,2
13460,41,2
13461,41,2
13462,41,2
13463,41,2
13464,41,2
13465,41,2
13466,41,2
13467,41,2
13468,41,2
13469,41,2
13470,41,2
13471,42,2
13472,42,2
13473,42,2
13474,42,2
13475,42,2
13476,42,2
13477,41,2
13478,41,2
13479,41,2
13480,41,2
13481,41,2
13482,41,2
13483,41,2
13484,41,2
13485,41,2
13486,41,2
13487,41,2
13488,41,2
13489,40,2
13490,40,2
13491,40,2
13492,40,2
13493,41,2
13494,41,2
13495,41,2
13496,41,2
13497,41,2
13498,41,2
13499,41,2
13500,41,2
13501,41,2
13502,41,2
13503,41,2
13504,41,2
13505,41,2
13506,41,2
13507,41,2
13508,41,2
13509,41,2
13510,41,2
13511,41,2
13512,41,2
13513,41,2
13514,41,2
13515,41,2
13516,41,2
13517,41,2
13518,41,2
13519,41,2
13520,41,2
13521,41,2
13522,42,2
13523,42,2
13524,42,2
13525,42,2
13526,42,2
13527,42,2
13528,42,2
13529,42,2
13530,42,2
13531,42,2
13532,42,2
13533,42,2
13534,42,2
13535,42,2
13536,42,2
13537,42,2
13538,42,2
13539,42,2
13540,42,2
13541,42,2
13542,42,2
13543,42,2
13544,42,2
13545,42,2
13546,42,2
13547,42,2
13548,42,2
13549,42,2
13550,42,2
13551,42,2
13552,42,2
13553,42,2
13554,42,2
13555,41,2
13556,41,2
13557,41,2
13558,41,2
13559,41,2
13560,41,2
13561,41,2
13562,41,2
13563,41,2
13564,41,2
13565,41,2
13566,41,2
13567,41,2
13568,41,2
13569,41,2
13570,41,2
13571,41,2
13572,41,2
13573,41,2
13574,41,2
13575,41,2
13576,41,2
13577,41,2
13578,41,2
13579,41,2
13580,41,2
13581,41,2
13582,41,2
13583,41,2
13584,41,2
13585,41,2
13586,41,2
13587,41,2
13588,41,2
13589,41,2
13590,41,2
13591,41,2
13592,41,2
13593,41,2
13594,41,2
13595,41,2
13596,41,2
13597,41,2
13598,41,2
13599,41,2
13600,41,2
13601,41,2
13602,41,2
13603,41,2
13604,41,2
13605,41,2
13606,41,2
13607,41,2
13608,41,2
13609,41,2
13610,41,2
13611,41,2
13612,41,2
13613,41,2
13614,41,2
13615,41,2
13616,41,2
13617,41,2
13618,41,2
13619,41,2
13620,41,2
13621,41,2
13622,41,2
13623,41,2
13624,41,2
13625,41,2
13626,41,2
13627,41,2
13628,41,2
13629,41,2
13630,41,2
13631,41,2
13632,41,2
13633,41,2
13634,41,2
13635,41,2
13636,41,2
13637,42,3
13638,42,3
13639,42,3
13640,42,3
13641,42,3
13642,42,3
13643,42,3
13644,41,3
13645,41,3
13646,41,3
13647,42,3
13648,42,3
13649,42,3
13650,42,3
13651,42,3
13652,42,3
13653,41,3
13654,42,3
13655,42,3
13656,42,3
13657,42,3
13658,42,3
13659,42,3
13660,42,3
13661,42,3
13662,42,3
13663,42,3
13664,42,3
13665,42,3
13666,42,3
13667,42,3
13668,42,3
13669,42,3
13670,42,3
13671,42,3
13672,42,3
13673,42,3
13674,42,3
13675,42,3
13676,42,3
13677,41,3
13678,41,3
13679,41,3
13680,41,3
13681,41,3
13682,41,3
13683,41,3
13684,41,3
13685,41,3
13686,41,3
13687,41,3
13688,41,3
13689,41,3
13690,41,3
13691,41,3
13692,41,3
13693,41,3
13694,41,3
13695,41,3
13696,41,3
13697,41,3
13698,41,3
13699,41,3
13700,41,3
13701,41,3
13702,41,3
13703,41,3
13704,41,3
13705,41,3
13706,41,3
13707,41,3
13708,41,3
13709,41,3
13710,41,3
13711,41,3
13712,41,3
13713,41,3
13714,41,3
13715,41,3
13716,41,3
13717,41,3
13718,42,3
13719,42,3
13720,42,3
13721,42,3
13722,41,3
13723,41,3
13724,41,3
13725,41,3
13726,41,3
13727,41,3
13728,41,3
13729,42,3
13730,42,3
13731,42,3
13732,42,3
13733,42,3
13734,42,3
13735,42,3
13736,42,3
13737,42,3
13738,42,3
13739,42,3
13740,42,3
13741,42,3
13742,42,3
13743,42,3
13744,43,3
13745,43,3
13746,43,3
13747,43,3
13748,43,3
13749,43,3
13750,43,3
13751,43,3
13752,42,2
13753,42,2
13754,42,2
13755,42,2
13756,42,2
13757,42,2
13758,42,2
13759,42,2
13760,42,2
13761,42,2
13762,42,2
13763,42,2
13764,42,2
13765,42,2
13766,42,2
13767,42,2
13768,42,2
13769,42,2
13770,42,2
13771,42,2
13772,42,2
13773,42,2
13774,42,2
13775,42,2
13776,42,2
13777,42,2
13778,43,2
13779,43,2
13780,43,2
13781,43,2
13782,43,2
13783,43,2
13784,43,2
13785,43,2
13786,43,2
13787,43,2
13788,43,2
13789,43,2
13790,43,2
13791,43,2
13792,43,2
13793,43,2
13794,43,2
13795,43,2
13796,43,2
13797,43,2
13798,43,2
13799,43,2
13800,43,2
13801,44,2
13802,44,2
13803,44,2
13804,44,2
13805,44,2
13806,44,2
13807,44,2
13808,44,2
13809,44,2
13810,44,2
13811,44,2
13812,44,2
13813,44,2
13814,44,2
13815,44,2
13816,44,2
13817,44,2
13818,44,2
13819,44,2
13820,44,2
13821,44,2
13822,44,2
13823,44,2
13824,44,2
13825,44,2
13826,44,2
13827,44,2
13828,44,2
13829,44,2
13830,44,2
13831,44,2
13832,44,2
13833,44,2
13834,44,2
13835,44,2
13836,44,2
13837,44,2
13838,44,2
13839,44,2
13840,44,2
13841,44,2
13842,44,2
13843,44,2
13844,44,2
13845,44,2
13846,44,2
13847,44,2
13848,44,2
13849,44,2
13850,44,2
13851,44,2
13852,44,2
13853,44,2
13854,44,2
13855,44,2
13856,44,2
13857,44,2
13858,44,2
13859,44,2
13860,44,2
13861,44,2
13862,44,2
13863,44,2
13864,44,2
13865,44,2
13866,44,2
13867,44,2
13868,44,2
13869,44,2
13870,44,2
13871,44,2
13872,44,2
13873,44,2
13874,44,2
13875,44,2
13876,44,2
13877,44,2
13878,44,2
13879,44,2
13880,44,2
13881,44,2
13882,44,2
13883,44,2
13884,44,2
13885,44,2
13886,44,2
13887,44,2
13888,44,2
13889,44,2
13890,44,2
13891,44,2
13892,44,2
13893,44,2
13894,44,2
13895,44,2
13896,44,2
13897,44,2
13898,44,2
13899,44,2
13900,44,2
13901,44,2
13902,44,2
13903,44,2
13904,44,2
13905,44,2
13906,44,2
13907,44,2
13908,44,2
13909,44,2
13910,45,2
13911,46,2
13912,46,2
13913,46,2
13914,46,2
13915,46,2
13916,46,2
13917,46,2
13918,46,2
13919,46,2
13920,46,2
13921,46,2
13922,46,2
13923,46,2
13924,46,2
13925,46,2
13926,46,2
13927,46,2
13928,46,2
13929,46,2
13930,46,2
13931,46,2
13932,46,2
13933,46,2
13934,46,2
13935,46,2
13936,45,2
13937,45,2
13938,45,2
13939,45,2
13940,45,2
13941,45,2
13942,45,2
13943,45,2
13944,45,2
13945,45,2
13946,45,2
13947,45,2
13948,45,2
13949,45,2
13950,44,2
13951,44,2
13952,44,2
13953,44,2
13954,44,2
13955,44,2
13956,44,2
13957,43,2
13958,43,2
13959,43,2
13960,43,2
13961,43,2
13962,44,2
13963,44,2
13964,44,2
13965,44,2
13966,44,2
13967,44,2
13968,44,2
13969,44,2
13970,44,2
13971,44,2
13972,44,2
13973,44,2
13974,44,2
13975,44,2
13976,44,2
13977,44,2
13978,44,2
13979,44,2
13980,44,2
13981,44,2
13982,44,2
13983,43,2
13984,43,2
13985,43,2
13986,43,2
13987,43,2
13988,43,2
13989,43,2
13990,43,2
13991,43,2
13992,43,2
13993,43,2
13994,43,2
13995,43,2
13996,44,2
13997,44,2
13998,44,2
13999,44,2
14000,44,2
14001,44,2
14002,44,2
14003,44,2
14004,44,2
14005,44,2
14006,44,2
14007,44,2
14008,44,2
14009,44,2
14010,44,2
14011,44,2
14012,44,2
14013,44,2
14014,44,2
14015,44,2
14016,44,2
14017,44,2
14018,44,2
14019,44,2
14020,44,2
14021,44,2
14022,44,2
14023,44,2
14024,44,2
14025,44,2
14026,44,2
14027,44,2
14028,45,2
14029,45,2
14030,45,2
14031,45,2
14032,45,2
14033,45,2
14034,45,2
14035,44,2
14036,44,2
14037,44,2
14038,44,2
14039,44,2
14040,44,2
14041,44,2
14042,44,2
14043,44,2
14044,44,2
14045,44,2
14046,44,2
14047,44,2
14048,44,2
14049,44,2
14050,44,2
14051,44,2
14052,45,2
14053,46,2
14054,46,2
14055,46,2
14056,46,2
14057,46,2
14058,46,2
14059,46,2
14060,46,2
14061,46,2
14062,46,2
14063,46,2
14064,46,2
14065,46,2
14066,46,2
14067,46,2
14068,46,2
14069,46,2
14070,46,2
14071,46,2
14072,46,2
14073,46,2
14074,46,2
14075,46,2
14076,46,2
14077,46,2
14078,46,2
14079,46,2
14080,46,2
14081,46,2
14082,46,2
14083,46,2
14084,46,2
14085,46,2
14086,46,2
14087,46,2
14088,46,2
14089,46,2
14090,46,2
14091,46,2
14092,46,2
14093,46,2
14094,46,2
14095,46,2
14096,46,2
14097,46,2
14098,46,2
14099,46,2
14100,46,2
14101,46,2
14102,46,2
14103,46,2
14104,46,2
14105,46,2
14106,46,2
14107,46,2
14108,46,2
14109,46,2
14110,46,2
14111,46,2
14112,46,2
14113,46,2
14114,46,2
14115,46,2
14116,46,2
14117,46,2
14118,46,2
14119,46,2
14120,46,2
14121,46,2
14122,46,2
14123,46,2
14124,46,2
14125,46,2
14126,46,2
14127,46,2
14128,46,2
14129,46,2
14130,46,2
14131,46,2
14132,46,2
14133,46,2
14134,46,2
14135,46,2
14136,46,2
14137,46,2
14138,46,2
14139,46,2
14140,46,2
14141,46,2
14142,46,2
14143,46,2
14144,46,2
14145,46,2
14146,46,2
14147,46,2
14148,46,2
14149,46,2
14150,46,2
14151,46,2
14152,46,2
14153,46,2
14154,46,2
14155,46,2
14156,46,2
14157,46,2
14158,46,2
14159,46,2
14160,46,2
14161,46,2
14162,45,1
14163,45,1
14164,45,1
14165,45,1
14166,45,1
14167,45,1
14168,45,1
14169,45,1
14170,45,1
14171,45,1
14172,45,1
14173,45,1
14174,45,1
14175,45,1
14176,45,1
14177,45,1
14178,45,1
14179,45,1
14180,45,1
14181,45,1
14182,45,1
14183,45,1
14184,45,1
14185,45,1
14186,45,1
14187,45,1
14188,45,1
14189,45,1
14190,45,1
14191,45,1
14192,45,1
14193,45,1
14194,45,1
14195,45,1
14196,45,1
14197,45,1
14198,45,1
14199,45,1
14200,45,1
14201,45,1
14202,45,1
14203,45,1
14204,44,1
14205,44,1
14206,44,1
14207,44,1
14208,44,1
14209,44,1
14210,44,1
14211,44,1
14212,44,1
14213,44,1
14214,44,1
14215,44,1
14216,44,1
14217,44,1
14218,44,1
14219,44,1
14220,44,1
14221,44,1
14222,44,1
14223,44,1
14224,44,1
14225,43,1
14226,43,1
14227,43,1
14228,43,1
14229,43,1
14230,43,1
14231,43,1
14232,43,1
14233,43,1
14234,43,1
14235,43,1
14236,44,1
14237,43,1
14238,43,1
14239,43,1
14240,43,1
14241,43,1
14242,43,1
14243,43,1
14244,43,1
14245,43,1
14246,43,1
14247,43,1
14248,43,1
14249,43,1
14250,43,1
14251,43,1
14252,43,1
14253,43,1
14254,43,1
14255,43,1
14256,43,1
14257,43,1
14258,43,1
14259,43,1
14260,43,1
14261,43,1
14262,43,1
14263,43,1
14264,43,1
14265,43,1
14266,43,1
14267,43,1
14268,43,1
14269,43,1
14270,43,1
14271,43,1
14272,43,1
14273,43,1
14274,43,1
14275,43,1
14276,43,1
14277,43,1
14278,43,1
14279,43,1
14280,43,1
14281,43,1
14282,43,1
14283,43,1
14284,43,1
14285,43,1
14286,43,1
14287,43,1
14288,43,1
14289,43,1
14290,43,1
14291,43,1
14292,43,1
14293,43,1
14294,43,1
14295,43,1
14296,43,1
14297,43,1
14298,43,1
14299,43,1
14300,43,1
14301,43,1
14302,43,1
14303,43,1
14304,43,1
14305,43,1
14306,43,1
14307,43,1
14308,43,1
14309,43,1
14310,43,1
14311,43,1
14312,43,1
14313,43,1
14314,43,1
14315,43,1
14316,43,1
14317,43,1
14318,43,1
14319,43,1
14320,43,1
14321,43,1
14322,43,1
14323,43,1
14324,43,1
14325,43,1
14326,42,1
14327,42,1
14328,42,1
14329,42,1
14330,42,1
14331,41,1
14332,41,1
14333,41,1
14334,41,1
14335,41,1
14336,41,1
14337,41,1
14338,40,1
14339,40,1
14340,40,1
14341,40,1
14342,40,1
14343,40,1
14344,40,1
14345,40,1
14346,40,1
14347,40,1
14348,40,1
14349,40,1
14350,40,1
14351,40,1
14352,40,1
14353,40,1
14354,40,1
14355,40,1
14356,40,1
14357,40,1
14358,40,1
14359,40,1
14360,40,1
14361,40,1
14362,40,1
14363,40,1
14364,40,1
14365,40,1
14366,40,1
14367,40,1
14368,40,1
14369,40,1
14370,40,1
14371,40,1
14372,40,1
14373,40,1
14374,40,1
14375,40,1
14376,40,1
14377,40,1
14378,40,1
14379,40,1
14380,40,1
14381,40,1
14382,40,1
14383,40,1
14384,40,1
14385,40,1
14386,40,1
14387,40,1
14388,40,1
14389,40,1
14390,40,1
14391,40,1
14392,39,1
14393,39,1
14394,39,1
14395,39,1
14396,39,1
14397,39,1
14398,39,1
14399,39,1
14400,39,1
14401,39,1
14402,39,1
14403,39,1
14404,38,1
14405,38,1
14406,38,1
14407,38,1
14408,38,1
14409,38,1
14410,38,1
14411,38,1
14412,38,1
14413,38,1
14414,38,1
14415,38,1
14416,38,1
14417,38,1
14418,38,1
14419,38,1
14420,38,1
14421,38,1
14422,38,1
14423,38,1
14424,38,1
14425,38,1
14426,38,1
14427,38,1
14428,38,1
14429,38,1
14430,38,1
14431,38,1
14432,38,1
14433,38,1
14434,38,1
14435,38,1
14436,38,1
14437,38,1
14438,38,1
14439,38,1
14440,38,1
14441,38,1
14442,38,1
14443,38,1
14444,38,1
14445,38,1
14446,38,1
14447,38,1
14448,38,1
14449,38,1
14450,38,1
14451,38,1
14452,38,1
14453,38,1
14454,38,1
14455,38,1
14456,38,1
14457,38,1
14458,37,1
14459,37,1
14460,37,1
14461,37,1
14462,37,1
14463,37,1
14464,37,1
14465,37,1
14466,37,1
14467,37,1
14468,37,1
14469,37,1
14470,37,1
14471,37,1
14472,37,1
14473,37,1
14474,37,1
14475,37,1
14476,37,1
14477,37,1
14478,37,1
14479,37,1
14480,37,1
14481,37,1
14482,37,1
14483,37,1
14484,37,1
14485,37,1
14486,37,1
14487,37,1
14488,37,1
14489,37,1
14490,37,1
14491,37,1
14492,37,1
14493,37,1
14494,37,1
14495,37,1
14496,37,1
14497,37,1
14498,37,1
14499,37,1
14500,37,1
14501,37,1
14502,37,1
14503,37,1
14504,37,1
14505,37,1
14506,37,1
14507,37,1
14508,37,1
14509,37,1
14510,37,1
14511,37,1
14512,37,1
14513,37,1
14514,37,1
14515,37,1
14516,37,1
14517,37,1
14518,37,1
14519,37,1
14520,37,1
14521,37,1
14522,36,1
14523,36,1
14524,36,1
14525,36,1
14526,36,1
14527,36,1
14528,36,1
14529,36,1
14530,36,1
14531,35,1
14532,35,1
14533,35,1
14534,35,1
14535,35,1
14536,35,1
14537,35,1
14538,35,1
14539,35,1
14540,35,1
14541,35,1
14542,35,1
14543,34,1
14544,34,1
14545,34,1
14546,34,1
14547,34,1
14548,34,1
14549,34,1
14550,34,1
14551,34,1
14552,34,1
14553,34,1
14554,34,1
14555,34,1
14556,34,1
14557,34,1
14558,34,1
14559,34,1
14560,34,1
14561,34,1
14562,34,1
14563,34,1
14564,34,1
14565,34,1
14566,34,1
14567,34,1
14568,34,1
14569,34,1
14570,34,1
14571,34,1
14572,34,1
14573,34,1
14574,34,1
14575,35,1
14576,35,1
14577,35,1
14578,35,1
14579,35,1
14580,35,1
14581,35,1
14582,35,1
14583,35,1
14584,35,1
14585,35,1
14586,35,1
14587,35,1
14588,35,1
14589,35,1
14590,35,1
14591,35,1
14592,35,1
14593,35,1
14594,35,1
14595,35,1
14596,35,1
14597,35,1
14598,35,1
14599,35,1
14600,35,1
14601,35,1
14602,35,1
14603,35,1
14604,35,1
14605,35,1
14606,35,1
14607,35,1
14608,35,1
14609,34,1
14610,34,1
14611,34,1
14612,34,1
14613,34,1
14614,34,1
14615,34,1
14616,34,1
14617,34,1
14618,34,1
14619,34,1
14620,34,1
14621,34,1
14622,34,1
14623,34,1
14624,34,1
14625,34,1
14626,34,1
14627,34,1
14628,34,1
14629,34,1
14630,34,1
14631,34,1
14632,34,1
14633,34,1
14634,34,1
14635,34,1
14636,34,1
14637,34,1
14638,35,1
14639,35,1
14640,35,1
14641,35,1
14642,35,1
14643,35,1
14644,35,1
14645,35,1
14646,35,1
14647,35,1
14648,35,1
14649,35,1
14650,35,1
14651,35,1
14652,35,1
14653,35,1
14654,35,1
14655,35,1
14656,35,1
14657,35,1
14658,35,1
14659,35,1
14660,35,1
14661,35,1
14662,35,1
14663,35,1
14664,35,1
14665,35,1
14666,35,1
14667,35,1
14668,35,1
14669,35,1
14670,35,1
14671,35,1
14672,35,1
14673,35,1
14674,35,1
14675,35,1
14676,35,1
14677,34,1
14678,34,1
14679,34,1
14680,34,1
14681,34,1
14682,35,1
14683,35,1
14684,35,1
14685,35,1
14686,34,1
14687,34,1
14688,34,1
14689,34,1
14690,34,1
14691,34,1
14692,34,1
14693,34,1
14694,34,1
14695,34,1
14696,34,1
14697,34,1
14698,34,1
14699,34,1
14700,34,1
14701,34,1
14702,34,1
14703,34,1
14704,34,1
14705,34,1
14706,34,1
14707,34,1
14708,34,1
14709,34,1
14710,34,1
14711,34,1
14712,34,1
14713,34,1
14714,34,1
14715,34,1
14716,34,1
14717,34,1
14718,34,1
14719,34,1
14720,34,1
14721,34,1
14722,33,1
14723,33,1
14724,33,1
14725,33,1
14726,33,1
14727,33,1
14728,33,1
14729,33,1
14730,33,1
14731,33,1
14732,33,1
14733,33,1
14734,33,1
14735,33,1
14736,33,1
14737,33,1
14738,33,1
14739,33,1
14740,33,1
14741,33,1
14742,33,1
14743,33,1
14744,33,1
14745,33,1
14746,33,1
14747,33,1
14748,33,1
14749,33,1
14750,33,1
14751,33,1
14752,33,1
14753,33,1
14754,33,1
14755,33,1
14756,33,1
14757,33,1
14758,33,1
14759,33,1
14760,33,1
14761,33,1
14762,33,1
14763,33,1
14764,33,1
14765,33,1
14766,33,1
14767,33,1
14768,33,1
14769,34,1
14770,34,1
14771,34,1
14772,34,1
14773,34,1
14774,34,1
14775,34,1
14776,34,1
14777,34,1
14778,34,1
14779,34,1
14780,34,1
14781,34,1
14782,34,1
14783,34,1
14784,34,1
14785,34,1
14786,34,1
14787,34,1
14788,34,1
14789,34,1
14790,34,1
14791,34,1
14792,34,1
14793,34,1
14794,34,1
14795,34,1
14796,34,1
14797,34,1
14798,34,1
14799,34,1
14800,35,1
14801,35,1
14802,35,1
14803,35,1
14804,35,1
14805,35,1
14806,35,1
14807,35,1
14808,35,1
14809,35,1
14810,35,1
14811,35,1
14812,35,1
14813,35,1
14814,35,1
14815,35,1
14816,35,1
14817,35,1
14818,35,1
14819,35,1
14820,36,2
14821,36,2
14822,36,2
14823,36,2
14824,36,2
14825,36,2
14826,36,2
14827,36,2
14828,36,2
14829,36,2
14830,36,2
14831,36,2
14832,36,2
14833,36,2
14834,36,2
14835,36,2
14836,36,2
14837,36,2
14838,36,2
14839,36,2
14840,36,2
14841,36,2
14842,36,2
14843,36,2
14844,36,2
14845,36,2
14846,36,2
14847,36,2
14848,36,2
14849,36,2
14850,36,2
14851,36,2
14852,36,2
14853,36,2
14854,36,2
14855,36,2
14856,36,2
14857,36,2
14858,36,2
14859,36,2
14860,36,2
14861,36,2
14862,36,2
14863,36,2
14864,36,2
14865,36,2
14866,36,2
14867,36,2
14868,36,2
14869,36,2
14870,36,2
14871,36,2
14872,36,2
14873,36,2
14874,36,2
14875,36,2
14876,36,2
14877,35,1
14878,35,1
14879,35,1
14880,35,1
14881,35,1
14882,35,1
14883,35,1
14884,35,1
14885,35,1
14886,35,1
14887,35,1
14888,35,1
14889,35,1
14890,35,1
14891,35,1
14892,35,1
14893,35,1
14894,35,1
14895,35,1
14896,35,1
14897,35,1
14898,35,1
14899,35,1
14900,35,1
14901,35,1
14902,35,1
14903,35,1
14904,35,1
14905,35,1
14906,35,1
14907,35,1
14908,35,1
14909,35,1
14910,35,1
14911,35,1
14912,35,1
14913,35,1
14914,35,1
14915,35,1
14916,35,1
14917,35,1
14918,35,1
14919,35,1
14920,35,1
14921,35,1
14922,34,1
14923,34,1
14924,33,1
14925,33,1
14926,33,1
14927,33,1
14928,33,1
14929,33,1
14930,33,1
14931,33,1
14932,33,1
14933,33,1
14934,33,1
14935,33,1
14936,33,1
14937,33,1
14938,33,1
14939,33,1
14940,33,1
14941,33,1
14942,33,1
14943,33,1
14944,33,1
14945,33,1
14946,33,1
14947,33,1
14948,33,1
14949,33,1
14950,33,1
14951,33,1
14952,33,1
14953,33,1
14954,33,1
14955,33,1
14956,33,1
14957,32,1
14958,32,1
14959,32,1
14960,32,1
14961,32,1
14962,32,1
14963,32,1
14964,32,1
14965,32,1
14966,32,1
14967,32,1
14968,32,1
14969,32,1
14970,32,1
14971,32,1
14972,32,1
14973,32,1
14974,32,1
14975,32,1
14976,32,1
14977,32,1
14978,31,1
14979,31,1
14980,31,1
14981,31,1
14982,31,1
14983,31,1
14984,31,1
14985,31,1
14986,31,1
14987,31,1
14988,31,1
14989,31,1
14990,30,1
14991,30,1
14992,30,1
14993,30,1
14994,30,1
14995,30,1
14996,30,1
14997,30,1
14998,30,1
14999,30,1
15000,30,1
15001,30,1
15002,30,1
15003,30,1
15004,30,1
15005,30,1
15006,30,1
15007,30,1
15008,30,1
15009,30,1
15010,30,1
15011,30,1
15012,30,1
15013,30,1
15014,30,1
15015,31,1
15016,31,1
15017,31,1
15018,31,1
15019,31,1
15020,31,1
15021,32,1
15022,32,1
15023,31,1
15024,31,1
15025,31,1
15026,31,1
15027,31,1
15028,31,1
15029,31,1
15030,31,1
15031,31,1
15032,31,1
15033,31,1
15034,31,1
15035,31,1
15036,31,1
15037,31,1
15038,31,1
15039,31,1
15040,31,1
15041,31,1
15042,31,1
15043,31,1
15044,31,1
15045,31,1
15046,31,1
15047,31,1
15048,31,1
15049,31,1
15050,31,1
15051,31,1
15052,31,1
15053,31,1
15054,31,1
15055,31,1
15056,31,1
15057,31,1
15058,31,1
15059,31,1
15060,31,1
15061,31,1
15062,31,1
15063,31,1
15064,31,1
15065,31,1
15066,31,1
15067,31,1
15068,31,1
15069,31,1
15070,31,1
15071,31,1
15072,31,1
15073,32,1
15074,32,1
15075,32,1
15076,32,1
15077,32,1
15078,32,1
15079,32,1
15080,32,1
15081,32,1
15082,32,1
15083,32,1
15084,32,1
15085,32,1
15086,32,1
15087,32,1
15088,32,1
15089,32,1
15090,32,1
15091,32,1
15092,32,1
15093,32,1
15094,32,1
15095,32,1
15096,32,1
15097,32,1
15098,32,1
15099,32,1
15100,31,1
15101,31,1
15102,31,1
15103,31,1
15104,31,1
15105,31,1
15106,31,1
15107,31,1
15108,31,1
15109,31,1
15110,31,1
15111,31,1
15112,30,1
15113,30,1
15114,30,1
15115,30,1
15116,30,1
15117,30,1
15118,30,1
15119,30,1
15120,30,1
15121,30,1
15122,30,1
15123,30,1
15124,30,1
15125,30,1
15126,30,1
15127,30,1
15128,30,1
15129,30,1
15130,30,1
15131,30,1
15132,30,1
15133,29,1
15134,29,1
15135,29,1
15136,29,1
15137,29,1
15138,29,1
15139,29,1
15140,29,1
15141,29,1
15142,29,1
15143,29,1
15144,29,1
15145,29,1
15146,29,1
15147,29,1
15148,29,1
15149,29,1
15150,29,1
15151,29,1
15152,29,1
15153,29,1
15154,29,1
15155,29,1
15156,28,1
15157,28,1
15158,28,1
15159,28,1
15160,28,1
15161,28,1
15162,28,1
15163,28,1
15164,28,1
15165,28,1
15166,28,1
15167,28,1
15168,28,1
15169,28,1
15170,28,1
15171,28,1
15172,28,1
15173,28,1
15174,28,1
15175,28,1
15176,28,1
15177,28,1
15178,28,1
15179,28,1
15180,28,1
15181,28,1
15182,28,1
15183,28,1
15184,28,1
15185,28,1
15186,28,1
15187,28,1
15188,28,1
15189,28,1
15190,28,1
15191,28,1
15192,28,1
15193,28,1
15194,28,1
15195,28,1
15196,28,1
15197,28,1
15198,28,1
15199,27,1
15200,27,1
15201,27,1
15202,27,1
15203,27,1
15204,27,1
15205,27,1
15206,27,1
15207,27,1
15208,27,1
15209,27,1
15210,27,1
15211,27,1
15212,27,1
15213,27,1
15214,27,1
15215,27,1
15216,27,1
15217,27,1
15218,27,1
15219,27,1
15220,27,1
15221,27,1
15222,27,1
15223,27,1
15224,27,1
15225,28,1
15226,28,1
15227,28,1
15228,28,1
15229,28,1
15230,28,1
15231,28,1
15232,28,1
15233,28,1
15234,28,1
15235,28,1
15236,28,1
15237,28,1
15238,28,1
15239,28,1
15240,28,1
15241,28,1
15242,28,1
15243,28,1
15244,28,1
15245,29,1
15246,29,1
15247,29,1
15248,30,1
15249,30,1
15250,30,1
15251,30,1
15252,30,1
15253,30,1
15254,30,1
15255,30,1
15256,30,1
15257,30,1
15258,30,1
15259,30,1
15260,30,1
15261,30,1
15262,30,1
15263,30,1
15264,30,1
15265,30,1
15266,30,1
15267,29,1
15268,29,1
15269,29,1
15270,29,1
15271,29,1
15272,29,1
15273,29,1
15274,29,1
15275,29,1
15276,29,1
15277,29,1
15278,29,1
15279,29,1
15280,29,1
15281,29,1
15282,29,1
15283,29,1
15284,29,1
15285,29,1
15286,29,1
15287,29,1
15288,29,1
15289,29,1
15290,29,1
15291,29,1
15292,29,1
15293,29,1
15294,29,1
15295,30,1
15296,30,1
15297,30,1
15298,30,1
15299,30,1
15300,29,1
15301,29,1
15302,29,1
15303,29,1
15304,29,1
15305,29,1
15306,29,1
15307,29,1
15308,29,1
15309,29,1
15310,29,1
15311,29,1
15312,29,1
15313,29,1
15314,29,1
15315,29,1
15316,29,1
15317,29,1
15318,29,1
15319,29,1
15320,29,1
15321,29,1
15322,29,1
15323,29,1
15324,29,1
15325,29,1
15326,29,1
15327,29,1
15328,29,1
15329,29,1
15330,29,1
15331,29,1
15332,29,1
15333,29,1
15334,29,1
15335,29,1
15336,29,1
15337,29,1
15338,29,1
15339,29,1
15340,29,1
15341,29,1
15342,29,1
15343,29,1
15344,29,1
15345,29,1
15346,29,1
15347,29,1
15348,29,1
15349,29,1
15350,29,1
15351,29,1
15352,29,1
15353,29,1
15354,29,1
15355,29,1
15356,29,1
15357,29,1
15358,29,1
15359,29,1
15360,29,1
15361,29,1
15362,29,1
15363,29,1
15364,29,1
15365,29,1
15366,29,1
15367,29,1
15368,29,1
15369,28,1
15370,28,1
15371,28,1
15372,28,1
15373,28,1
15374,28,1
15375,28,1
15376,28,1
15377,28,1
15378,28,1
15379,28,1
15380,28,1
15381,28,1
15382,28,1
15383,28,1
15384,28,1
15385,28,1
15386,28,1
15387,28,1
15388,28,1
15389,28,1
15390,28,1
15391,28,1
15392,28,1
15393,28,1
15394,28,1
15395,28,1
15396,28,1
15397,28,1
15398,28,1
15399,28,1
15400,28,1
15401,28,1
15402,28,1
15403,28,1
15404,28,1
15405,28,1
15406,28,1
15407,28,1
15408,28,1
15409,28,1
15410,28,1
15411,28,1
15412,28,1
15413,28,1
15414,28,1
15415,28,1
15416,28,1
15417,28,1
15418,28,1
15419,28,1
15420,28,1
15421,28,1
15422,28,1
15423,28,1
15424,28,1
15425,28,1
15426,28,1
15427,28,1
15428,28,1
15429,28,1
15430,28,1
15431,28,1
15432,28,1
15433,28,1
15434,28,1
15435,28,1
15436,28,1
15437,28,1
15438,28,1
15439,28,1
15440,28,1
15441,28,1
15442,28,1
15443,28,1
15444,28,1
15445,28,1
15446,28,1
15447,27,1
15448,27,1
15449,27,1
15450,27,1
15451,27,1
15452,27,1
15453,27,1
15454,27,1
15455,27,1
15456,27,1
15457,27,1
15458,27,1
15459,27,1
15460,27,1
15461,27,1
15462,27,1
15463,27,1
15464,27,1
15465,27,1
15466,27,1
15467,27,1
15468,27,1
15469,27,1
15470,27,1
15471,27,1
15472,27,1
15473,27,1
15474,27,1
15475,26,1
15476,26,1
15477,26,1
15478,26,1
15479,26,1
15480,26,1
15481,26,1
15482,26,1
15483,26,1
15484,26,1
15485,26,1
15486,26,1
15487,26,1
15488,26,1
15489,26,1
15490,26,1
15491,27,1
15492,27,1
15493,27,1
15494,27,1
15495,27,1
15496,27,1
15497,27,1
15498,27,1
15499,27,1
15500,27,1
15501,26,1
15502,26,1
15503,26,1
15504,26,1
15505,26,1
15506,26,1
15507,26,1
15508,26,1
15509,26,1
15510,26,1
15511,27,1
15512,27,1
15513,27,1
15514,27,1
15515,27,1
15516,27,1
15517,27,1
15518,27,1
15519,27,1
15520,27,1
15521,27,1
15522,27,1
15523,27,1
15524,27,1
15525,27,1
15526,27,1
15527,27,1
15528,27,1
15529,27,1
15530,27,1
15531,27,1
15532,27,1
15533,27,1
15534,27,1
15535,27,1
15536,27,1
15537,27,1
15538,27,1
15539,27,1
15540,28,1
15541,28,1
15542,28,1
15543,28,1
15544,28,1
15545,28,1
15546,28,1
15547,28,1
15548,28,1
15549,28,1
15550,28,1
15551,28,1
15552,28,1
15553,28,1
15554,28,1
15555,28,1
15556,28,1
15557,28,1
15558,28,1
15559,28,1
15560,28,1
15561,28,1
15562,28,1
15563,28,1
15564,28,1
15565,28,1
15566,28,1
15567,28,1
15568,28,1
15569,28,1
15570,28,1
15571,28,1
15572,28,1
15573,28,1
15574,28,1
15575,28,1
15576,28,1
15577,27,1
15578,27,1
15579,27,1
15580,27,1
15581,27,1
15582,27,1
15583,27,1
15584,27,1
15585,27,1
15586,27,1
15587,27,1
15588,27,1
15589,27,1
15590,27,1
15591,27,1
15592,27,1
15593,27,1
15594,27,1
15595,27,1
15596,27,1
15597,27,1
15598,27,1
15599,27,1
15600,27,1
15601,27,1
15602,27,1
15603,27,1
15604,27,1
15605,27,1
15606,27,1
15607,27,1
15608,27,1
15609,27,1
15610,27,1
15611,27,1
15612,27,1
15613,27,1
15614,27,1
15615,27,1
15616,27,1
15617,27,1
15618,27,1
15619,27,1
15620,27,1
15621,27,1
15622,27,1
15623,27,1
15624,27,1
15625,27,1
15626,27,1
15627,27,1
15628,27,1
15629,27,1
15630,27,1
15631,27,1
15632,27,1
15633,27,1
15634,27,1
15635,27,1
15636,27,1
15637,27,1
15638,27,1
15639,27,1
15640,27,1
15641,27,1
15642,27,1
15643,27,2
15644,27,2
15645,27,2
15646,27,2
15647,27,2
15648,27,2
15649,27,2
15650,27,2
15651,27,2
15652,27,2
15653,27,2
15654,27,2
15655,27,2
15656,27,2
15657,27,2
15658,27,2
15659,27,2
15660,27,2
15661,27,2
15662,27,2
15663,27,2
15664,27,2
15665,27,2
15666,27,2
15667,27,2
15668,27,2
15669,27,2
15670,27,2
15671,27,2
15672,27,2
15673,27,2
15674,27,2
15675,27,2
15676,27,2
15677,27,2
15678,27,2
15679,27,2
15680,27,2
15681,27,2
15682,27,2
15683,27,2
15684,27,2
15685,27,2
15686,27,2
15687,27,2
15688,27,2
15689,27,2
15690,27,2
15691,27,2
15692,27,2
15693,27,2
15694,27,2
15695,27,2
15696,27,2
15697,27,2
15698,27,2
15699,27,2
15700,27,2
15701,27,2
15702,27,2
15703,27,2
15704,27,2
15705,27,2
15706,27,2
15707,27,2
15708,28,2
15709,28,2
15710,28,2
15711,28,2
15712,28,2
15713,28,2
15714,28,2
15715,28,2
15716,28,2
15717,28,2
15718,28,2
15719,28,2
15720,28,2
15721,28,2
15722,27,2
15723,27,2
15724,27,2
15725,27,2
15726,27,2
15727,27,2
15728,27,2
15729,27,2
15730,27,2
15731,27,2
15732,27,2
15733,27,2
15734,26,2
15735,26,2
15736,26,2
15737,26,2
15738,26,2
15739,26,2
15740,26,2
15741,26,2
15742,26,2
15743,26,2
15744,26,2
15745,26,2
15746,26,2
15747,26,2
15748,26,2
15749,26,2
15750,26,2
15751,26,2
15752,26,2
15753,26,2
15754,26,2
15755,27,2
15756,27,2
15757,27,2
15758,27,2
15759,27,2
15760,27,2
15761,27,2
15762,27,2
15763,27,2
15764,27,2
15765,27,2
15766,27,2
15767,27,2
15768,27,2
15769,27,2
15770,27,2
15771,27,2
15772,27,2
15773,27,2
15774,27,2
15775,27,2
15776,27,2
15777,27,2
15778,27,2
15779,27,2
15780,27,2
15781,27,2
15782,27,2
15783,27,2
15784,27,2
15785,27,2
15786,27,2
15787,27,2
15788,27,2
15789,27,2
15790,27,2
15791,27,2
15792,27,2
15793,27,2
15794,27,2
15795,27,2
15796,27,2
15797,27,2
15798,27,2
15799,27,2
15800,27,2
15801,27,2
15802,27,2
15803,27,2
15804,27,2
15805,27,2
15806,27,2
15807,27,2
15808,27,2
15809,27,2
15810,27,2
15811,27,2
15812,27,2
15813,27,2
15814,27,2
15815,27,2
15816,27,2
15817,27,2
15818,27,2
15819,27,2
15820,27,2
15821,27,2
15822,27,2
15823,27,2
15824,27,2
15825,27,2
15826,27,2
15827,27,2
15828,27,2
15829,27,2
15830,27,2
15831,27,2
15832,27,2
15833,27,2
15834,27,2
15835,27,2
15836,27,2
15837,27,2
15838,27,2
15839,27,2
15840,27,2
15841,27,2
15842,27,2
15843,27,2
15844,27,2
15845,27,2
15846,27,2
15847,27,2
15848,27,2
15849,27,2
15850,27,2
15851,27,2
15852,27,2
15853,27,2
15854,27,2
15855,27,2
15856,26,2
15857,26,2
15858,26,2
15859,26,2
15860,26,2
15861,26,2
15862,26,2
15863,26,2
15864,26,2
15865,26,2
15866,26,2
15867,26,2
15868,26,2
15869,26,2
15870,26,2
15871,26,2
15872,26,2
15873,26,2
15874,26,2
15875,26,2
15876,26,2
15877,26,2
15878,26,2
15879,26,2
15880,26,2
15881,26,2
15882,26,2
15883,26,2
15884,26,2
15885,26,2
15886,26,2
15887,26,2
15888,26,2
15889,26,2
15890,26,2
15891,26,2
15892,26,2
15893,26,2
15894,26,2
15895,26,2
15896,26,2
15897,26,2
15898,26,2
15899,26,2
15900,26,2
15901,26,2
15902,26,2
15903,26,2
15904,26,2
15905,26,2
15906,26,2
15907,26,2
15908,26,2
15909,26,2
15910,26,2
15911,26,2
15912,26,2
15913,26,2
15914,26,2
15915,26,2
15916,26,2
15917,26,2
15918,26,2
15919,26,2
15920,26,2
15921,26,2
15922,26,2
15923,26,2
15924,26,2
15925,26,2
15926,26,2
15927,26,2
15928,26,2
15929,26,2
15930,26,2
15931,26,2
15932,26,2
15933,26,2
15934,26,2
15935,26,2
15936,26,2
15937,26,2
15938,27,3
15939,27,3
15940,27,3
15941,27,3
15942,27,3
15943,27,3
15944,27,3
15945,27,3
15946,27,3
15947,27,3
15948,27,3
15949,27,3
15950,27,3
15951,27,3
15952,27,3
15953,27,3
15954,27,3
15955,27,3
15956,27,3
15957,27,3
15958,27,3
15959,27,3
15960,27,3
15961,27,3
15962,27,3
15963,28,3
15964,28,3
15965,28,3
15966,28,3
15967,28,3
15968,28,3
15969,28,3
15970,28,3
15971,28,3
15972,28,3
15973,28,3
15974,28,3
15975,28,3
15976,28,3
15977,28,3
15978,28,3
15979,28,3
15980,28,3
15981,28,3
15982,28,3
15983,28,3
15984,28,3
15985,28,3
15986,28,3
15987,28,3
15988,28,3
15989,28,3
15990,28,3
15991,28,3
15992,28,3
15993,28,3
15994,28,3
15995,28,3
15996,28,3
15997,28,3
15998,28,3
15999,28,3
16000,28,3
16001,28,3
16002,28,3
16003,28,3
16004,28,3
16005,28,3
16006,28,3
16007,28,3
16008,28,3
16009,28,3
16010,28,3
16011,28,3
16012,28,3
16013,28,3
16014,28,3
16015,28,3
16016,28,3
16017,28,3
16018,28,3
16019,28,3
16020,28,3
16021,28,3
16022,28,3
16023,28,3
16024,27,3
16025,27,3
16026,27,3
16027,27,3
16028,27,3
16029,27,3
16030,27,3
16031,27,3
16032,27,3
16033,27,3
16034,27,3
16035,27,3
16036,27,3
16037,27,3
16038,27,3
16039,27,3
16040,27,3
16041,27,3
16042,27,3
16043,27,3
16044,27,3
16045,27,3
16046,27,3
16047,27,3
16048,27,3
16049,27,3
16050,27,3
16051,27,3
16052,27,3
16053,27,3
16054,27,3
16055,27,3
16056,27,3
16057,27,3
16058,27,3
16059,27,3
16060,27,3
16061,27,3
16062,27,3
16063,27,3
16064,27,3
16065,27,3
16066,27,3
16067,27,3
16068,27,3
16069,27,3
16070,27,3
16071,27,3
16072,27,3
16073,27,3
16074,27,3
16075,27,3
16076,27,3
16077,27,3
16078,27,3
16079,27,3
16080,27,3
16081,27,3
16082,27,3
16083,27,3
16084,27,3
16085,27,3
16086,27,3
16087,27,3
16088,27,3
16089,27,3
16090,28,3
16091,28,3
16092,28,3
16093,28,3
16094,28,3
16095,28,3
16096,28,3
16097,28,3
16098,28,3
16099,28,3
16100,28,3
16101,28,3
16102,28,3
16103,28,3
16104,28,3
16105,28,3
16106,28,3
16107,28,3
16108,28,3
16109,28,3
16110,28,3
16111,28,3
16112,28,3
16113,28,3
16114,28,3
16115,28,3
16116,28,3
16117,28,3
16118,28,3
16119,28,3
16120,28,3
16121,28,3
16122,28,3
16123,28,3
16124,28,3
16125,28,3
16126,28,3
16127,28,3
16128,28,3
16129,28,3
16130,28,3
16131,28,3
16132,28,3
16133,28,3
16134,28,3
16135,28,3
16136,28,3
16137,28,3
16138,28,3
16139,28,3
16140,28,3
16141,28,3
16142,28,3
16143,28,3
16144,28,3
16145,28,3
16146,28,3
16147,28,3
16148,28,3
16149,28,3
16150,28,3
16151,28,3
16152,28,3
16153,28,3
16154,28,3
16155,28,3
16156,28,3
16157,28,3
16158,28,3
16159,28,3
16160,28,3
16161,28,3
16162,28,3
16163,28,3
16164,28,3
16165,28,3
16166,27,3
16167,27,3
16168,27,3
16169,27,3
16170,28,3
16171,28,3
16172,28,3
16173,28,3
16174,28,3
16175,28,3
16176,28,3
16177,28,3
16178,28,3
16179,28,3
16180,28,3
16181,28,3
16182,28,3
16183,28,3
16184,28,3
16185,28,3
16186,28,3
16187,28,3
16188,29,3
16189,29,3
16190,29,3
16191,29,3
16192,29,3
16193,29,3
16194,29,3
16195,29,3
16196,29,3
16197,29,3
16198,29,3
16199,30,3
16200,31,3
16201,31,3
16202,31,3
16203,31,3
16204,30,3
16205,30,3
16206,30,3
16207,30,3
16208,30,3
16209,30,3
16210,30,3
16211,30,3
16212,30,3
16213,30,3
16214,30,3
16215,30,3
16216,30,3
16217,30,3
16218,30,3
16219,30,3
16220,30,3
16221,30,3
16222,30,3
16223,30,3
16224,30,3
16225,30,3
16226,30,3
16227,30,3
16228,30,3
16229,30,3
16230,30,3
16231,30,3
16232,30,3
16233,30,3
16234,30,3
16235,30,3
16236,30,3
16237,30,3
16238,30,3
16239,30,3
16240,30,3
16241,30,3
16242,30,3
16243,30,3
16244,30,3
16245,30,3
16246,30,3
16247,30,3
16248,30,3
16249,30,3
16250,30,3
16251,30,3
16252,30,3
16253,30,3
16254,30,3
16255,30,3
16256,30,3
16257,30,3
16258,30,3
16259,30,3
16260,30,3
16261,30,3
16262,30,3
16263,30,3
16264,30,3
16265,29,3
16266,29,3
16267,29,3
16268,29,3
16269,29,3
16270,29,3
16271,29,3
16272,29,3
16273,29,3
16274,29,3
16275,29,3
16276,29,3
16277,29,3
16278,30,3
16279,30,3
16280,30,3
16281,30,3
16282,30,3
16283,30,3
16284,30,3
16285,30,3
16286,30,3
16287,30,3
16288,30,3
16289,30,3
16290,30,3
16291,30,3
16292,30,3
16293,30,3
16294,30,3
16295,30,3
16296,30,3
16297,30,3
16298,30,3
16299,30,3
16300,30,3
16301,30,3
16302,30,3
16303,30,3
16304,30,3
16305,30,3
16306,30,3
16307,30,3
16308,30,3
16309,30,3
16310,30,3
16311,30,3
16312,30,3
16313,30,3
16314,31,3
16315,31,3
16316,31,3
16317,31,3
16318,31,3
16319,31,3
16320,31,3
16321,31,3
16322,31,3
16323,31,3
16324,31,3
16325,31,3
16326,31,3
16327,32,3
16328,32,3
16329,32,3
16330,32,3
16331,32,3
16332,32,3
16333,32,3
16334,32,3
16335,32,3
16336,32,3
16337,32,3
16338,32,3
16339,32,3
16340,33,3
16341,33,3
16342,33,3
16343,33,3
16344,33,3
16345,33,3
16346,33,3
16347,33,3
16348,33,3
16349,33,3
16350,33,3
16351,33,3
16352,33,3
16353,33,3
16354,33,3
16355,33,3
16356,33,3
16357,33,3
16358,33,3
16359,33,3
16360,33,3
16361,33,3
16362,33,3
16363,33,3
16364,33,3
16365,33,3
16366,33,3
16367,33,3
16368,33,3
16369,33,3
16370,33,3
16371,33,3
16372,33,3
16373,33,3
16374,33,3
16375,33,3
16376,33,3
16377,33,3
16378,33,3
16379,33,3
16380,33,3
16381,33,3
16382,33,3
16383,33,3
16384,33,3
16385,33,3
16386,33,3
16387,33,3
16388,33,3
16389,33,3
16390,33,3
16391,33,3
16392,33,3
16393,33,3
16394,33,3
16395,33,3
16396,33,3
16397,33,3
16398,33,3
16399,33,3
16400,32,3
16401,32,3
16402,32,3
16403,32,3
16404,32,3
16405,32,3
16406,32,3
16407,32,3
16408,32,3
16409,32,3
16410,32,3
16411,32,3
16412,32,3
16413,32,3
16414,32,3
16415,32,3
16416,32,3
16417,32,3
16418,32,3
16419,32,3
16420,32,3
16421,32,3
16422,32,3
16423,32,3
16424,32,3
16425,32,3
16426,32,3
16427,32,3
16428,32,3
16429,32,3
16430,32,3
16431,32,3
16432,32,3
16433,32,3
16434,32,3
16435,32,3
16436,32,3
16437,32,3
16438,32,3
16439,32,3
16440,32,3
16441,32,3
16442,32,3
16443,32,3
16444,32,3
16445,32,3
16446,32,3
16447,32,3
16448,32,3
16449,32,3
16450,31,3
16451,31,3
16452,31,3
16453,31,3
16454,31,3
16455,31,3
16456,31,3
16457,31,3
16458,31,3
16459,31,3
16460,31,3
16461,31,3
16462,31,3
16463,31,3
16464,31,3
16465,31,3
16466,31,3
16467,31,3
16468,31,3
16469,32,3
16470,32,3
16471,32,3
16472,32,3
16473,32,3
16474,32,3
16475,32,3
16476,32,3
16477,32,3
16478,32,3
16479,32,3
16480,32,3
16481,32,3
16482,32,3
16483,32,3
16484,32,3
16485,32,3
16486,32,3
16487,32,3
16488,32,3
16489,32,3
16490,32,3
16491,32,3
16492,32,3
16493,32,3
16494,32,3
16495,32,3
16496,32,3
16497,32,3
16498,32,3
16499,32,3
16500,32,3
16501,32,3
16502,32,3
16503,32,3
16504,32,3
16505,32,3
16506,32,3
16507,32,3
16508,32,3
16509,32,3
16510,32,3
16511,32,3
16512,32,3
16513,32,3
16514,32,3
16515,32,3
16516,32,3
16517,32,3
16518,32,3
16519,32,3
16520,32,3
16521,32,3
16522,32,3
16523,32,3
16524,32,3
16525,33,3
16526,33,3
16527,33,3
16528,33,3
16529,33,3
16530,33,3
16531,33,3
16532,33,3
16533,33,3
16534,33,3
16535,32,3
16536,32,3
16537,32,3
16538,32,3
16539,32,3
16540,32,3
16541,32,3
16542,32,3
16543,32,3
16544,32,3
16545,32,3
16546,32,3
16547,32,3
16548,32,3
16549,32,3
16550,32,3
16551,32,3
16552,32,3
16553,32,3
16554,32,3
16555,32,3
16556,33,3
16557,33,3
16558,33,3
16559,33,3
16560,33,3
16561,33,3
16562,33,3
16563,33,3
16564,33,3
16565,33,3
16566,33,3
16567,33,3
16568,34,3
16569,34,3
16570,34,3
16571,34,3
16572,34,3
16573,34,3
16574,35,4
16575,35,4
16576,35,4
16577,35,4
16578,35,4
16579,35,4
16580,35,4
16581,35,4
16582,35,4
16583,35,4
16584,35,4
16585,35,4
16586,35,4
16587,35,4
16588,35,4
16589,35,4
16590,35,4
16591,35,4
16592,35,4
16593,35,4
16594,35,4
16595,35,4
16596,35,4
16597,35,4
16598,35,4
16599,35,4
16600,35,4
16601,35,4
16602,35,4
16603,35,4
16604,35,4
16605,35,4
16606,35,4
16607,35,4
16608,35,4
16609,35,4
16610,35,4
16611,35,4
16612,35,4
16613,35,4
16614,35,4
16615,35,4
16616,35,4
16617,35,4
16618,35,4
16619,35,4
16620,35,4
16621,35,4
16622,35,4
16623,35,4
16624,35,4
16625,35,4
16626,35,4
16627,36,4
16628,36,4
16629,36,4
16630,36,4
16631,35,4
16632,35,4
16633,35,4
16634,35,4
16635,35,4
16636,35,4
16637,35,4
16638,35,4
16639,35,4
16640,35,4
16641,35,4
16642,35,4
16643,35,4
16644,35,4
16645,35,4
16646,35,4
16647,35,4
16648,35,4
16649,35,4
16650,35,4
16651,35,4
16652,35,4
16653,35,4
16654,35,4
16655,35,4
16656,35,4
16657,35,4
16658,35,4
16659,35,4
16660,35,4
16661,35,4
16662,35,4
16663,35,4
16664,34,4
16665,35,5
16666,35,5
16667,35,5
16668,35,5
16669,35,5
16670,35,5
16671,35,5
16672,35,5
16673,35,5
16674,35,5
16675,35,5
16676,35,5
16677,35,5
16678,35,5
16679,35,5
16680,35,5
16681,35,5
16682,35,5
16683,35,5
16684,35,5
16685,35,5
16686,35,5
16687,35,5
16688,35,5
16689,35,5
16690,35,5
16691,35,5
16692,35,5
16693,35,5
16694,35,5
16695,35,5
16696,35,5
16697,35,5
16698,35,5
16699,35,5
16700,34,4
16701,34,4
16702,34,4
16703,34,4
16704,34,4
16705,34,4
16706,34,4
16707,34,4
16708,34,4
16709,34,4
16710,34,4
16711,34,4
16712,34,4
16713,34,4
16714,34,4
16715,34,4
16716,34,4
16717,34,4
16718,34,4
16719,34,4
16720,34,4
16721,34,4
16722,34,4
16723,34,4
16724,34,4
16725,35,4
16726,35,4
16727,35,4
16728,35,4
16729,35,4
16730,35,4
16731,35,4
16732,35,4
16733,35,4
16734,35,4
16735,35,4
16736,35,4
16737,35,4
16738,35,4
16739,35,4
16740,35,4
16741,35,4
16742,35,4
16743,35,4
16744,35,4
16745,35,4
16746,35,4
16747,35,4
16748,35,4
16749,35,4
16750,35,4
16751,35,4
16752,35,4
16753,35,4
16754,35,4
16755,35,4
16756,35,4
16757,35,4
16758,35,4
16759,35,4
16760,35,4
16761,35,4
16762,35,4
16763,35,4
16764,35,4
16765,35,4
16766,35,4
16767,35,4
16768,35,4
16769,35,4
16770,35,4
16771,35,4
16772,35,4
16773,35,4
16774,35,4
16775,35,4
16776,35,4
16777,35,4
16778,35,4
16779,35,4
16780,35,4
16781,35,4
16782,35,4
16783,35,4
16784,35,4
16785,35,4
16786,35,4
16787,35,4
16788,35,4
16789,35,4
16790,35,4
16791,35,4
16792,35,4
16793,35,4
16794,35,4
16795,35,4
16796,35,4
16797,35,4
16798,35,4
16799,35,4
16800,35,4
16801,35,4
16802,35,4
16803,35,4
16804,35,4
16805,35,4
16806,35,4
16807,35,4
16808,35,4
16809,35,4
16810,35,4
16811,35,4
16812,35,4
16813,35,4
16814,35,4
16815,35,4
16816,35,4
16817,35,4
16818,35,4
16819,35,4
16820,35,4
16821,35,4
16822,35,4
16823,35,4
16824,35,4
16825,35,4
16826,35,4
16827,35,4
16828,35,4
16829,35,4
16830,35,4
16831,35,4
16832,34,4
16833,34,4
16834,34,4
16835,34,4
16836,34,4
16837,34,4
16838,34,4
16839,34,4
16840,34,4
16841,34,4
16842,34,4
16843,34,4
16844,34,4
16845,34,4
16846,34,4
16847,34,4
16848,34,4
16849,34,4
16850,34,4
16851,34,4
16852,34,4
16853,34,4
16854,34,4
16855,34,4
16856,34,4
16857,34,4
16858,34,4
16859,34,4
16860,34,4
16861,34,4
16862,34,4
16863,34,4
16864,34,4
16865,34,4
16866,34,4
16867,34,4
16868,35,4
16869,35,4
16870,35,4
16871,35,4
16872,35,4
16873,35,4
16874,35,4
16875,35,4
16876,35,4
16877,35,4
16878,35,4
16879,35,4
16880,35,4
16881,35,4
16882,35,4
16883,35,4
16884,35,4
16885,35,4
16886,35,4
16887,35,4
16888,35,4
16889,35,4
16890,35,4
16891,35,4
16892,35,4
16893,35,4
16894,35,4
16895,35,4
16896,35,4
16897,34,4
16898,33,4
16899,33,4
16900,33,4
16901,33,4
16902,33,4
16903,33,4
16904,33,4
16905,33,4
16906,33,4
16907,33,4
16908,33,4
16909,33,4
16910,33,4
16911,33,4
16912,33,4
16913,33,4
16914,33,4
16915,33,4
16916,33,4
16917,33,4
16918,33,4
16919,33,4
16920,33,4
16921,33,4
16922,33,4
16923,33,4
16924,33,4
16925,33,4
16926,33,4
16927,33,4
16928,33,4
16929,33,4
16930,33,4
16931,33,4
16932,33,4
16933,33,4
16934,33,4
16935,33,4
16936,33,4
16937,33,4
16938,33,4
16939,33,4
16940,33,4
16941,33,4
16942,33,4
16943,33,4
16944,33,4
16945,33,4
16946,33,4
16947,33,4
16948,33,4
16949,33,4
16950,33,4
16951,33,4
16952,33,4
16953,33,4
16954,33,4
16955,33,4
16956,33,4
16957,33,4
16958,33,4
16959,33,4
16960,33,4
16961,33,4
16962,33,4
16963,33,4
16964,33,4
16965,33,4
16966,33,4
16967,34,4
16968,34,4
16969,34,4
16970,34,4
16971,34,4
16972,34,4
16973,34,4
16974,34,4
16975,34,4
16976,34,4
16977,34,4
16978,34,4
16979,34,4
16980,34,4
16981,34,4
16982,34,4
16983,34,4
16984,34,4
16985,34,4
16986,34,4
16987,34,4
16988,34,4
16989,34,4
16990,34,4
16991,34,4
16992,34,4
16993,34,4
16994,34,4
16995,35,4
16996,35,4
16997,35,4
16998,35,4
16999,35,4
17000,35,4
17001,35,4
17002,35,4
17003,35,4
17004,35,4
17005,35,4
17006,35,4
17007,35,4
17008,35,4
17009,35,4
17010,35,4
17011,35,4
17012,35,4
17013,35,4
17014,35,4
17015,35,4
17016,35,4
17017,35,4
17018,35,4
17019,35,4
17020,35,4
17021,35,4
17022,35,4
17023,35,4
17024,35,4
17025,35,4
17026,35,4
17027,35,4
17028,35,4
17029,35,4
17030,35,4
17031,35,4
17032,35,4
17033,35,4
17034,35,4
17035,35,4
17036,35,4
17037,35,4
17038,36,5
17039,36,5
17040,36,5
17041,36,5
17042,36,5
17043,36,5
17044,36,5
17045,36,5
17046,36,5
17047,36,5
17048,36,5
17049,36,5
17050,36,5
17051,36,5
17052,36,5
17053,36,5
17054,36,5
17055,36,5
17056,36,5
17057,36,5
17058,36,5
17059,36,5
17060,36,5
17061,36,5
17062,36,5
17063,36,5
17064,36,5
17065,36,5
17066,36,5
17067,36,5
17068,36,5
17069,36,5
17070,36,5
17071,37,5
17072,37,5
17073,37,5
17074,37,5
17075,37,5
17076,37,5
17077,37,5
17078,37,5
17079,37,5
17080,37,5
17081,37,5
17082,37,5
17083,38,5
17084,38,5
17085,38,5
17086,38,5
17087,38,5
17088,38,5
17089,38,5
17090,38,5
17091,38,5
17092,38,5
17093,38,5
17094,38,5
17095,38,5
17096,38,5
17097,38,5
17098,38,5
17099,38,5
17100,38,5
17101,38,5
17102,38,5
17103,39,5
17104,39,5
17105,39,5
17106,39,5
17107,39,5
17108,39,5
17109,39,5
17110,39,5
17111,38,5
17112,38,5
17113,38,5
17114,38,5
17115,38,5
17116,38,5
17117,38,5
17118,38,5
17119,38,5
17120,38,5
17121,38,5
17122,38,5
17123,38,5
17124,38,5
17125,38,5
17126,38,5
17127,38,5
17128,38,5
17129,38,5
17130,38,5
17131,38,5
17132,38,5
17133,38,5
17134,38,5
17135,38,5
17136,38,5
17137,38,5
17138,38,5
17139,39,5
17140,40,5
17141,40,5
17142,40,5
17143,40,5
17144,40,5
17145,40,5
17146,40,5
17147,40,5
17148,40,5
17149,40,5
17150,40,5
17151,40,5
17152,40,5
17153,40,5
17154,40,5
17155,40,5
17156,40,5
17157,40,5
17158,40,5
17159,40,5
17160,40,5
17161,41,5
17162,41,5
17163,41,5
17164,41,5
17165,41,5
17166,41,5
17167,41,5
17168,41,5
17169,41,5
17170,41,5
17171,41,5
17172,41,5
17173,41,5
17174,41,5
17175,41,5
17176,41,5
17177,41,5
17178,41,5
17179,41,5
17180,41,5
17181,42,5
17182,42,5
17183,42,5
17184,42,5
17185,42,5
17186,42,5
17187,42,5
17188,42,5
17189,42,5
17190,42,5
17191,42,5
17192,42,5
17193,42,5
17194,42,5
17195,42,5
17196,42,5
17197,42,5
17198,42,5
17199,42,5
17200,42,5
17201,42,5
17202,42,5
17203,42,5
17204,42,5
17205,42,5
17206,42,5
17207,42,5
17208,42,5
17209,42,5
17210,42,5
17211,42,5
17212,42,5
17213,43,5
17214,43,5
17215,43,5
17216,43,5
17217,43,5
17218,43,5
17219,43,5
17220,43,5
17221,43,5
17222,43,5
17223,43,5
17224,43,5
17225,43,5
17226,43,5
17227,43,5
17228,42,5
17229,42,5
17230,42,5
17231,42,5
17232,42,5
17233,42,5
17234,42,5
17235,42,5
17236,42,5
17237,42,5
17238,42,5
17239,42,5
17240,42,5
17241,42,5
17242,42,5
17243,42,5
17244,42,5
17245,41,5
17246,41,5
17247,41,5
17248,41,5
17249,41,5
17250,41,5
17251,41,5
17252,41,5
17253,41,5
17254,41,5
17255,41,5
17256,41,5
17257,41,5
17258,41,5
17259,41,5
17260,41,5
17261,40,5
17262,40,5
17263,40,5
17264,40,5
17265,40,5
17266,40,5
17267,40,5
17268,40,5
17269,40,5
17270,40,5
17271,40,5
17272,40,5
17273,40,5
17274,40,5
17275,40,5
17276,40,5
17277,40,5
17278,40,5
17279,40,5
17280,40,5
17281,40,5
17282,40,5
17283,40,5
17284,40,5
17285,40,5
17286,40,5
17287,40,5
17288,40,5
17289,40,5
17290,40,5
17291,40,5
17292,40,5
17293,40,5
17294,40,5
17295,40,5
17296,40,5
17297,40,5
17298,40,5
17299,40,5
17300,40,5
17301,40,5
17302,40,5
17303,40,5
17304,40,5
17305,40,5
17306,40,5
17307,40,5
17308,40,5
17309,40,5
17310,40,5
17311,40,5
17312,40,5
17313,40,5
17314,40,5
17315,40,5
17316,40,5
17317,40,5
17318,40,5
17319,40,5
17320,40,5
17321,40,5
17322,40,5
17323,40,5
17324,40,5
17325,40,5
17326,40,5
17327,40,5
17328,40,5
17329,40,5
17330,40,5
17331,40,5
17332,40,5
17333,40,5
17334,40,5
17335,40,5
17336,40,5
17337,40,5
17338,40,5
17339,40,5
17340,40,5
17341,40,5
17342,40,5
17343,40,5
17344,40,5
17345,40,5
17346,40,5
17347,40,5
17348,40,5
17349,40,5
17350,40,5
17351,40,5
17352,40,5
17353,40,5
17354,40,5
17355,40,5
17356,40,5
17357,40,5
17358,40,5
17359,40,5
17360,40,5
17361,40,5
17362,40,5
17363,40,5
17364,40,5
17365,40,5
17366,40,5
17367,40,5
17368,40,5
17369,40,5
17370,40,5
17371,40,5
17372,40,5
17373,40,5
17374,40,5
17375,40,5
17376,40,5
17377,40,5
17378,40,5
17379,40,5
17380,40,5
17381,40,5
17382,40,5
17383,40,5
17384,40,5
17385,40,5
17386,41,5
17387,41,5
17388,41,5
17389,41,5
17390,41,5
17391,42,5
17392,42,5
17393,42,5
17394,42,5
17395,43,5
17396,43,5
17397,43,5
17398,43,5
17399,43,5
17400,43,5
17401,43,5
17402,43,5
17403,43,5
17404,43,5
17405,43,5
17406,43,5
17407,43,5
17408,43,5
17409,43,5
17410,43,5
17411,43,5
17412,42,5
17413,42,5
17414,42,5
17415,42,5
17416,42,5
17417,42,5
17418,42,5
17419,42,5
17420,42,5
17421,42,5
17422,42,5
17423,42,5
17424,42,5
17425,42,5
17426,41,4
17427,41,4
17428,41,4
17429,41,4
17430,41,4
17431,41,4
17432,41,4
17433,41,4
17434,41,4
17435,41,4
17436,41,4
17437,41,4
17438,41,4
17439,41,4
17440,41,4
17441,41,4
17442,41,4
17443,41,4
17444,41,4
17445,41,4
17446,41,4
17447,41,4
17448,41,4
17449,41,4
17450,41,4
17451,41,4
17452,41,4
17453,41,4
17454,41,4
17455,41,4
17456,41,4
17457,41,4
17458,41,4
17459,41,4
17460,41,4
17461,41,4
17462,41,4
17463,41,4
17464,41,4
17465,41,4
17466,41,4
17467,41,4
17468,41,4
17469,41,4
17470,41,4
17471,41,4
17472,41,4
17473,41,4
17474,41,4
17475,41,4
17476,41,4
17477,41,4
17478,40,4
17479,40,4
17480,40,4
17481,40,4
17482,40,4
17483,40,4
17484,40,4
17485,40,4
17486,40,4
17487,40,4
17488,41,4
17489,41,4
17490,41,4
17491,41,4
17492,40,3
17493,40,3
17494,40,3
17495,40,3
17496,40,3
17497,40,3
17498,40,3
17499,40,3
17500,40,3
17501,40,3
17502,40,3
17503,40,3
17504,40,3
17505,40,3
17506,40,3
17507,40,3
17508,40,3
17509,40,3
17510,40,3
17511,40,3
17512,40,3
17513,40,3
17514,40,3
17515,40,3
17516,40,3
17517,40,3
17518,40,3
17519,40,3
17520,40,3
17521,40,3
17522,40,3
17523,40,3
17524,40,3
17525,38,3
17526,38,3
17527,38,3
17528,38,3
17529,38,3
17530,38,3
17531,38,3
17532,38,3
17533,38,3
17534,38,3
17535,38,3
17536,38,3
17537,38,3
17538,38,3
17539,38,3
17540,38,3
17541,38,3
17542,38,3
17543,38,3
17544,38,3
17545,38,3
17546,38,3
17547,38,3
17548,39,3
17549,40,3
17550,40,3
17551,40,3
17552,40,3
17553,40,3
17554,40,3
17555,40,3
17556,40,3
17557,40,3
17558,40,3
17559,40,3
17560,40,3
17561,40,3
17562,40,3
17563,40,3
17564,40,3
17565,40,3
17566,40,3
17567,40,3
17568,40,3
17569,40,3
17570,41,3
17571,41,3
17572,41,3
17573,41,3
17574,41,3
17575,41,3
17576,41,3
17577,41,3
17578,41,3
17579,41,3
17580,41,3
17581,41,3
17582,41,3
17583,41,3
17584,41,3
17585,41,3
17586,41,3
17587,41,3
17588,41,3
17589,41,3
17590,41,3
17591,40,3
17592,40,3
17593,40,3
17594,40,3
17595,40,3
17596,40,3
17597,40,3
17598,40,3
17599,40,3
17600,40,3
17601,40,3
17602,40,3
17603,40,3
17604,40,3
17605,40,3
17606,40,3
17607,40,3
17608,40,3
17609,40,3
17610,40,3
17611,40,3
17612,39,3
17613,39,3
17614,39,3
17615,39,3
17616,39,3
17617,39,3
17618,39,3
17619,39,3
17620,39,3
17621,39,3
17622,39,3
17623,39,3
17624,39,3
17625,39,3
17626,39,3
17627,39,3
17628,40,3
17629,40,3
17630,40,3
17631,40,3
17632,40,3
17633,40,3
17634,40,3
17635,40,3
17636,40,3
17637,40,3
17638,40,3
17639,41,3
17640,41,3
17641,41,3
17642,41,3
17643,41,3
17644,41,3
17645,41,3
17646,41,3
17647,40,3
17648,40,3
17649,40,3
17650,40,3
17651,40,3
17652,40,3
17653,40,3
17654,40,3
17655,40,3
17656,40,3
17657,40,3
17658,40,3
17659,40,3
17660,40,3
17661,40,3
17662,40,3
17663,40,3
17664,40,3
17665,40,3
17666,40,3
17667,40,3
17668,40,3
17669,40,3
17670,40,3
17671,40,3
17672,40,3
17673,40,3
17674,40,3
17675,40,3
17676,40,3
17677,40,3
17678,40,3
17679,40,3
17680,40,3
17681,40,3
17682,40,3
17683,40,3
17684,40,3
17685,40,3
17686,40,3
17687,40,3
17688,40,3
17689,40,3
17690,41,3
17691,41,3
17692,41,3
17693,41,3
17694,41,3
17695,41,3
17696,41,3
17697,41,3
17698,41,3
17699,41,3
17700,41,3
17701,41,3
17702,41,3
17703,41,3
17704,41,3
17705,41,3
17706,41,3
17707,41,3
17708,41,3
17709,41,3
17710,41,3
17711,41,3
17712,41,3
17713,40,3
17714,40,3
17715,40,3
17716,40,3
17717,40,3
17718,40,3
17719,40,3
17720,40,3
17721,40,3
17722,40,3
17723,40,3
17724,40,3
17725,40,3
17726,40,3
17727,40,3
17728,40,3
17729,40,3
17730,40,3
17731,40,3
17732,40,3
17733,40,3
17734,40,3
17735,40,3
17736,40,3
17737,40,3
17738,40,3
17739,40,3
17740,40,3
17741,40,3
17742,40,3
17743,40,3
17744,40,3
17745,40,3
17746,39,3
17747,39,3
17748,40,3
17749,40,3
17750,40,3
17751,40,3
17752,40,3
17753,40,3
17754,40,3
17755,40,3
17756,40,3
17757,40,3
17758,40,3
17759,40,3
17760,40,3
17761,40,3
17762,40,3
17763,40,3
17764,40,3
17765,40,3
17766,40,3
17767,40,3
17768,40,3
17769,40,3
17770,40,3
17771,40,3
17772,40,3
17773,40,3
17774,40,3
17775,40,3
17776,40,3
17777,40,3
17778,40,3
17779,40,3
17780,40,3
17781,40,3
17782,40,3
17783,40,3
17784,40,3
17785,40,3
17786,40,3
17787,40,3
17788,40,3
17789,39,3
17790,39,3
17791,39,3
17792,39,3
17793,39,3
17794,39,3
17795,39,3
17796,39,3
17797,39,3
17798,39,3
17799,39,3
17800,39,3
17801,39,3
17802,39,3
17803,39,3
17804,39,3
17805,39,3
17806,39,3
17807,39,3
17808,39,3
17809,39,3
17810,39,3
17811,39,3
17812,39,3
17813,39,3
17814,39,3
17815,39,3
17816,39,3
17817,39,3
17818,39,3
17819,39,3
17820,39,3
17821,39,3
17822,39,3
17823,39,3
17824,39,3
17825,39,3
17826,39,3
17827,39,3
17828,39,3
17829,39,3
17830,39,3
17831,39,3
17832,39,3
17833,39,3
17834,39,3
17835,39,3
17836,39,3
17837,39,3
17838,39,3
17839,39,3
17840,39,3
17841,39,3
17842,39,3
17843,39,3
17844,39,3
17845,39,3
17846,39,3
17847,38,3
17848,38,3
17849,38,3
17850,38,3
17851,38,3
17852,38,3
17853,38,3
17854,38,3
17855,38,3
17856,39,3
17857,39,3
17858,39,3
17859,39,3
17860,39,3
17861,39,3
17862,39,3
17863,39,3
17864,39,3
17865,39,3
17866,39,3
17867,39,3
17868,39,3
17869,39,3
17870,39,3
17871,39,3
17872,39,3
17873,39,3
17874,39,3
17875,39,3
17876,39,3
17877,39,3
17878,39,3
17879,39,3
17880,39,3
17881,39,3
17882,39,3
17883,39,3
17884,39,3
17885,39,3
17886,39,3
17887,39,3
17888,38,3
17889,38,3
17890,38,3
17891,38,3
17892,38,3
17893,38,3
17894,38,3
17895,38,3
17896,38,3
17897,38,3
17898,38,3
17899,38,3
17900,38,3
17901,38,3
17902,38,3
17903,38,3
17904,38,3
17905,38,3
17906,38,3
17907,38,3
17908,38,3
17909,38,3
17910,38,3
17911,38,3
17912,38,3
17913,38,3
17914,38,3
17915,38,3
17916,38,3
17917,38,3
17918,38,3
17919,38,3
17920,38,3
17921,38,3
17922,38,3
17923,38,3
17924,38,3
17925,38,3
17926,38,3
17927,37,3
17928,37,3
17929,37,3
17930,37,3
17931,38,3
17932,38,3
17933,38,3
17934,38,3
17935,38,3
17936,38,3
17937,38,3
17938,38,3
17939,38,3
17940,38,3
17941,38,3
17942,38,3
17943,38,3
17944,38,3
17945,38,3
17946,38,3
17947,38,3
17948,38,3
17949,38,3
17950,38,3
17951,38,3
17952,38,3
17953,38,3
17954,38,3
17955,38,3
17956,38,3
17957,38,3
17958,38,3
17959,38,3
17960,38,3
17961,38,3
17962,38,3
17963,38,3
17964,38,3
17965,38,3
17966,38,3
17967,38,3
17968,38,3
17969,38,3
17970,38,3
17971,38,3
17972,38,3
17973,38,3
17974,38,3
17975,38,3
17976,38,3
17977,38,3
17978,38,3
17979,38,3
17980,38,3
17981,38,3
17982,38,3
17983,38,3
17984,38,3
17985,38,3
17986,38,3
17987,38,3
17988,38,3
17989,38,3
17990,38,3
17991,38,3
17992,38,3
17993,37,2
17994,37,2
17995,37,2
17996,37,2
17997,37,2
17998,37,2
17999,37,2
18000,37,2
18001,37,2
18002,37,2
18003,37,2
18004,37,2
18005,37,2
18006,37,2
18007,37,2
18008,37,2
18009,37,2
18010,37,2
18011,37,2
18012,37,2
18013,37,2
18014,37,2
18015,37,2
18016,37,2
18017,38,2
18018,38,2
18019,38,2
18020,38,2
18021,38,2
18022,38,2
18023,38,2
18024,38,2
18025,38,2
18026,38,2
18027,38,2
18028,38,2
18029,38,2
18030,38,2
18031,38,2
18032,38,2
18033,38,2
18034,38,2
18035,38,2
18036,38,2
18037,38,2
18038,38,2
18039,38,2
18040,38,2
18041,38,2
18042,38,2
18043,38,2
18044,38,2
18045,38,2
18046,38,2
18047,38,2
18048,38,2
18049,38,2
18050,38,2
18051,38,2
18052,38,2
18053,38,2
18054,38,2
18055,38,2
18056,38,2
18057,38,2
18058,38,2
18059,38,2
18060,38,2
18061,38,2
18062,38,2
18063,38,2
18064,38,2
18065,38,2
18066,38,2
18067,38,2
18068,38,2
18069,38,2
18070,38,2
18071,38,2
18072,38,2
18073,38,2
18074,38,2
18075,38,2
18076,38,2
18077,38,2
18078,38,2
18079,38,2
18080,38,2
18081,39,2
18082,39,2
18083,39,2
18084,39,2
18085,39,2
18086,38,2
18087,38,2
18088,38,2
18089,38,2
18090,38,2
18091,38,2
18092,38,2
18093,38,2
18094,37,2
18095,37,2
18096,37,2
18097,37,2
18098,37,2
18099,38,2
18100,38,2
18101,38,2
18102,38,2
18103,38,2
18104,38,2
18105,38,2
18106,38,2
18107,38,2
18108,38,2
18109,38,2
18110,38,2
18111,38,2
18112,38,2
18113,38,2
18114,38,2
18115,38,2
18116,38,2
18117,38,2
18118,38,2
18119,38,2
18120,38,2
18121,38,2
18122,38,2
18123,38,2
18124,38,2
18125,38,2
18126,38,2
18127,38,2
18128,38,2
18129,38,2
18130,38,2
18131,38,2
18132,38,2
18133,38,2
18134,38,2
18135,38,2
18136,38,2
18137,38,2
18138,38,2
18139,38,2
18140,38,2
18141,38,2
18142,38,2
18143,38,2
18144,38,2
18145,38,2
18146,38,2
18147,38,2
18148,38,2
18149,38,2
18150,38,2
18151,38,2
18152,38,2
18153,38,2
18154,38,2
18155,38,2
18156,38,2
18157,38,2
18158,38,2
18159,38,2
18160,37,2
18161,37,2
18162,37,2
18163,37,2
18164,37,2
18165,37,2
18166,37,2
18167,37,2
18168,37,2
18169,37,2
18170,37,2
18171,37,2
18172,37,2
18173,37,2
18174,37,2
18175,37,2
18176,37,2
18177,37,2
18178,37,2
18179,37,2
18180,37,2
18181,37,2
18182,37,2
18183,37,2
18184,37,2
18185,37,2
18186,37,2
18187,37,2
18188,37,2
18189,37,2
18190,37,2
18191,37,2
18192,37,2
18193,37,2
18194,37,2
18195,37,2
18196,37,2
18197,37,2
18198,37,2
18199,37,2
18200,37,2
18201,37,2
18202,37,2
18203,37,2
18204,37,2
18205,37,2
18206,37,2
18207,37,2
18208,37,2
18209,37,2
18210,37,2
18211,37,2
18212,37,2
18213,38,2
18214,38,2
18215,38,2
18216,38,2
18217,38,2
18218,38,2
18219,38,2
18220,39,2
18221,39,2
18222,39,2
18223,39,2
18224,39,2
18225,39,2
18226,39,2
18227,39,2
18228,39,2
18229,39,2
18230,39,2
18231,39,2
18232,39,2
18233,39,2
18234,39,2
18235,39,2
18236,39,2
18237,39,2
18238,39,2
18239,39,2
18240,39,2
18241,39,2
18242,40,2
18243,40,2
18244,40,2
18245,40,2
18246,40,2
18247,40,2
18248,40,2
18249,40,2
18250,40,2
18251,40,2
18252,40,2
18253,40,2
18254,40,2
18255,40,2
18256,40,2
18257,40,2
18258,40,2
18259,40,2
18260,40,2
18261,39,2
18262,39,2
18263,40,2
18264,40,2
18265,40,2
18266,40,2
18267,40,2
18268,40,2
18269,40,2
18270,40,2
18271,40,2
18272,40,2
18273,40,2
18274,40,2
18275,40,2
18276,40,2
18277,40,2
18278,40,2
18279,40,2
18280,40,2
18281,40,2
18282,40,2
18283,40,2
18284,39,2
18285,39,2
18286,39,2
18287,39,2
18288,39,2
18289,39,2
18290,39,2
18291,39,2
18292,39,2
18293,39,2
18294,39,2
18295,39,2
18296,39,2
18297,39,2
18298,39,2
18299,39,2
18300,39,2
18301,39,2
18302,39,2
18303,39,2
18304,39,2
18305,39,2
18306,39,2
18307,39,2
18308,39,2
18309,39,2
18310,39,2
18311,39,2
18312,39,2
18313,39,2
18314,39,2
18315,39,2
18316,39,2
18317,38,2
18318,38,2
18319,38,2
18320,38,2
18321,38,2
18322,38,2
18323,38,2
18324,38,2
18325,38,2
18326,38,2
18327,38,2
18328,38,2
18329,38,2
18330,38,2
18331,38,2
18332,38,2
18333,38,2
18334,38,2
18335,38,2
18336,38,2
18337,38,2
18338,38,2
18339,38,2
18340,38,2
18341,38,2
18342,38,2
18343,38,2
18344,38,2
18345,38,2
18346,38,2
18347,38,2
18348,38,2
18349,38,2
18350,38,2
18351,38,2
18352,38,2
18353,38,2
18354,38,2
18355,38,2
18356,38,2
18357,38,2
18358,38,2
18359,38,2
18360,38,2
18361,38,2
18362,37,2
18363,37,2
18364,37,2
18365,37,2
18366,37,2
18367,37,2
18368,37,2
18369,37,2
18370,37,2
18371,37,2
18372,37,2
18373,37,2
18374,37,2
18375,37,2
18376,37,2
18377,37,2
18378,37,2
18379,38,2
18380,38,2
18381,38,2
18382,38,2
18383,38,2
18384,38,2
18385,38,2
18386,38,2
18387,38,2
18388,38,2
18389,37,2
18390,37,2
18391,37,2
18392,37,2
18393,37,2
18394,37,2
18395,37,2
18396,37,2
18397,37,2
18398,37,2
18399,37,2
18400,37,2
18401,37,2
18402,37,2
18403,37,2
18404,37,2
18405,37,2
18406,37,2
18407,37,2
18408,37,2
18409,37,2
18410,37,2
18411,37,2
18412,37,2
18413,37,2
18414,37,2
18415,37,2
18416,36,2
18417,36,2
18418,36,2
18419,37,2
18420,37,2
18421,37,2
18422,37,2
18423,37,2
18424,37,2
18425,37,2
18426,37,2
18427,37,2
18428,37,2
18429,37,2
18430,37,2
18431,37,2
18432,37,2
18433,37,2
18434,37,2
18435,37,2
18436,37,2
18437,37,2
18438,37,2
18439,37,2
18440,37,2
18441,37,2
18442,37,2
18443,37,2
18444,37,2
18445,37,2
18446,37,2
18447,37,2
18448,37,2
18449,37,2
18450,37,2
18451,37,2
18452,37,2
18453,37,2
18454,37,2
18455,37,2
18456,37,2
18457,37,2
18458,37,2
18459,37,2
18460,37,2
18461,37,2
18462,37,2
18463,37,2
18464,37,2
18465,37,2
18466,37,2
18467,37,2
18468,37,2
18469,37,2
18470,37,2
18471,37,2
18472,37,2
18473,37,2
18474,37,2
18475,37,2
18476,37,2
18477,37,2
18478,37,2
18479,37,2
18480,37,2
18481,37,2
18482,37,2
18483,37,2
18484,37,2
18485,37,2
18486,37,2
18487,37,2
18488,37,2
18489,37,2
18490,37,2
18491,37,2
18492,37,2
18493,37,2
18494,37,2
18495,37,2
18496,37,2
18497,37,2
18498,37,2
18499,37,2
18500,37,2
18501,37,2
18502,37,2
18503,37,2
18504,37,2
18505,37,2
18506,37,2
18507,37,2
18508,37,2
18509,37,2
18510,37,2
18511,37,2
18512,37,2
18513,37,2
18514,37,2
18515,37,2
18516,37,2
18517,37,2
18518,37,2
18519,37,2
18520,37,2
18521,36,2
18522,36,2
18523,36,2
18524,37,2
18525,37,2
18526,37,2
18527,37,2
18528,37,2
18529,37,2
18530,37,2
18531,37,2
18532,37,2
18533,37,2
18534,37,2
18535,37,2
18536,37,2
18537,38,2
18538,38,2
18539,39,2
18540,39,2
18541,39,2
18542,39,2
18543,39,2
18544,39,2
18545,39,2
18546,39,2
18547,39,2
18548,38,2
18549,38,2
18550,38,2
18551,38,2
18552,38,2
18553,38,2
18554,38,2
18555,38,2
18556,38,2
18557,37,2
18558,37,2
18559,38,2
18560,38,2
18561,38,2
18562,38,2
18563,38,2
18564,38,2
18565,38,2
18566,38,2
18567,38,2
18568,38,2
18569,38,2
18570,38,2
18571,38,2
18572,38,2
18573,38,2
18574,38,2
18575,38,2
18576,38,2
18577,38,2
18578,38,2
18579,38,2
18580,38,2
18581,38,2
18582,38,2
18583,38,2
18584,38,2
18585,38,2
18586,38,2
18587,38,2
18588,38,2
18589,38,2
18590,37,1
18591,37,1
18592,37,1
18593,37,1
18594,37,1
18595,37,1
18596,37,1
18597,37,1
18598,37,1
18599,37,1
18600,37,1
18601,37,1
18602,37,1
18603,37,1
18604,37,1
18605,37,1
18606,37,1
18607,37,1
18608,37,1
18609,37,1
18610,37,1
18611,37,1
18612,37,1
18613,37,1
18614,37,1
18615,37,1
18616,37,1
18617,37,1
18618,37,1
18619,37,1
18620,37,1
18621,37,1
18622,37,1
18623,36,0
18624,36,0
18625,36,0
18626,36,0
18627,36,0
18628,36,0
18629,36,0
18630,36,0
18631,36,0
18632,36,0
18633,36,0
18634,36,0
18635,36,0
18636,36,0
18637,36,0
18638,36,0
18639,36,0
18640,36,0
18641,36,0
18642,36,0
18643,36,0
18644,36,0
18645,36,0
18646,36,0
18647,36,0
18648,36,0
18649,36,0
18650,36,0
18651,36,0
18652,37,0
18653,37,0
18654,37,0
18655,37,0
18656,37,0
18657,37,0
18658,37,0
18659,37,0
18660,37,0
18661,37,0
18662,37,0
18663,37,0
18664,37,0
18665,37,0
18666,37,0
18667,37,0
18668,37,0
18669,37,0
18670,37,0
18671,37,0
18672,37,0
18673,37,0
18674,37,0
18675,37,0
18676,37,0
18677,37,0
18678,37,0
18679,38,0
18680,37,0
18681,37,0
18682,37,0
18683,37,0
18684,37,0
18685,37,0
18686,37,0
18687,37,0
18688,37,0
18689,37,0
18690,37,0
18691,37,0
18692,37,0
18693,37,0
18694,37,0
18695,37,0
18696,37,0
18697,37,0
18698,37,0
18699,37,0
18700,37,0
18701,37,0
18702,37,0
18703,37,0
18704,38,0
18705,38,0
18706,38,0
18707,38,0
18708,38,0
18709,38,0
18710,38,0
18711,38,0
18712,38,0
18713,38,0
18714,38,0
18715,38,0
18716,38,0
18717,38,0
18718,38,0
18719,38,0
18720,38,0
18721,38,0
18722,37,0
18723,37,0
18724,37,0
18725,37,0
18726,37,0
18727,37,0
18728,37,0
18729,37,0
18730,37,0
18731,37,0
18732,37,0
18733,37,0
18734,37,0
18735,37,0
18736,37,0
18737,37,0
18738,37,0
18739,37,0
18740,37,0
18741,37,0
18742,37,0
18743,37,0
18744,37,0
18745,37,0
18746,37,0
18747,37,0
18748,37,0
18749,37,0
18750,37,0
18751,37,0
18752,37,0
18753,37,0
18754,37,0
18755,37,0
18756,37,0
18757,38,0
18758,38,0
18759,38,0
18760,38,0
18761,38,0
18762,38,0
18763,38,0
18764,38,0
18765,38,0
18766,38,0
18767,38,0
18768,38,0
18769,38,0
18770,38,0
18771,38,0
18772,38,0
18773,38,0
18774,38,0
18775,38,0
18776,38,0
18777,39,0
18778,39,0
18779,39,0
18780,39,0
18781,39,0
18782,39,0
18783,39,0
18784,39,0
18785,39,0
18786,39,0
18787,39,0
18788,39,0
18789,39,0
18790,39,0
18791,39,0
18792,39,0
18793,39,0
18794,40,0
18795,40,0
18796,40,0
18797,40,0
18798,40,0
18799,40,0
18800,40,0
18801,40,0
18802,40,0
18803,40,0
18804,40,0
18805,40,0
18806,40,0
18807,40,0
18808,40,0
18809,40,0
18810,40,0
18811,40,0
18812,40,0
18813,40,0
18814,40,0
18815,41,0
18816,41,0
18817,41,0
18818,41,0
18819,41,0
18820,41,0
18821,41,0
18822,41,0
18823,41,0
18824,41,0
18825,41,0
18826,41,0
18827,41,0
18828,41,0
18829,41,0
18830,41,0
18831,41,0
18832,41,0
18833,41,0
18834,41,0
18835,41,0
18836,41,0
18837,41,0
18838,41,0
18839,41,0
18840,41,0
18841,41,0
18842,41,0
18843,41,0
18844,41,0
18845,41,0
18846,41,0
18847,41,0
18848,41,0
18849,41,0
18850,41,0
18851,41,0
18852,41,0
18853,41,0
18854,41,0
18855,41,0
18856,40,0
18857,40,0
18858,40,0
18859,40,0
18860,40,0
18861,40,0
18862,40,0
18863,39,0
18864,39,0
18865,39,0
18866,39,0
18867,39,0
18868,39,0
18869,39,0
18870,39,0
18871,39,0
18872,39,0
18873,39,0
18874,39,0
18875,39,0
18876,39,0
18877,39,0
18878,39,0
18879,40,0
18880,40,0
18881,40,0
18882,40,0
18883,40,0
18884,40,0
18885,40,0
18886,40,0
18887,40,0
18888,40,0
18889,40,0
18890,40,0
18891,40,0
18892,40,0
18893,40,0
18894,40,0
18895,40,0
18896,40,0
18897,40,0
18898,40,0
18899,40,0
18900,40,0
18901,40,0
18902,40,0
18903,40,0
18904,40,0
18905,40,0
18906,40,0
18907,40,0
18908,40,0
18909,40,0
18910,40,0
18911,40,0
18912,40,0
18913,40,0
18914,40,0
18915,40,0
18916,40,0
18917,40,0
18918,40,0
18919,40,0
18920,40,0
18921,40,0
18922,40,0
18923,40,0
18924,40,0
18925,40,0
18926,40,0
18927,40,0
18928,40,0
18929,40,0
18930,40,0
18931,40,0
18932,40,0
18933,40,0
18934,40,0
18935,40,0
18936,40,0
18937,39,0
18938,39,0
18939,39,0
18940,39,0
18941,39,0
18942,39,0
18943,39,0
18944,39,0
18945,39,0
18946,39,0
18947,39,0
18948,39,0
18949,39,0
18950,39,0
18951,39,0
18952,39,0
18953,39,0
18954,40,0
18955,40,0
18956,40,0
18957,40,0
18958,40,0
18959,41,0
18960,41,0
18961,41,0
18962,41,0
18963,41,0
18964,41,0
18965,42,0
18966,42,0
18967,42,0
18968,42,0
18969,42,0
18970,42,0
18971,42,0
18972,42,0
18973,42,0
18974,42,0
18975,42,0
18976,42,0
18977,42,0
18978,42,0
18979,42,0
18980,43,0
18981,43,0
18982,43,0
18983,43,0
18984,43,0
18985,43,0
18986,43,0
18987,43,0
18988,43,0
18989,43,0
18990,43,0
18991,42,0
18992,42,0
18993,42,0
18994,42,0
18995,42,0
18996,42,0
18997,42,0
18998,42,0
18999,42,0
19000,42,0
19001,42,0
19002,42,0
19003,42,0
19004,42,0
19005,42,0
19006,41,0
19007,41,0
19008,42,0
19009,42,0
19010,42,0
19011,42,0
19012,42,0
19013,42,0
19014,42,0
19015,42,0
19016,42,0
19017,42,0
19018,42,0
19019,42,0
19020,42,0
19021,42,0
19022,42,0
19023,42,0
19024,42,0
19025,42,0
19026,42,0
19027,42,0
19028,42,0
19029,42,0
19030,42,0
19031,42,0
19032,42,0
19033,42,0
19034,42,0
19035,42,0
19036,42,0
19037,42,0
19038,42,0
19039,42,0
19040,42,0
19041,42,0
19042,42,0
19043,42,0
19044,42,0
19045,42,0
19046,42,0
19047,42,0
19048,42,0
19049,42,0
19050,42,0
19051,42,0
19052,42,0
19053,42,0
19054,42,0
19055,42,0
19056,42,0
19057,42,0
19058,42,0
19059,42,0
19060,42,0
19061,42,0
19062,42,0
19063,42,0
19064,43,0
19065,43,0
19066,42,0
19067,42,0
19068,42,0
19069,42,0
19070,42,0
19071,42,0
19072,42,0
19073,42,0
19074,42,0
19075,42,0
19076,42,0
19077,42,0
19078,42,0
19079,42,0
19080,42,0
19081,42,0
19082,42,0
19083,42,0
19084,42,0
19085,42,0
19086,42,0
19087,42,0
19088,42,0
19089,42,0
19090,42,0
19091,42,0
19092,42,0
19093,42,0
19094,42,0
19095,42,0
19096,42,0
19097,42,0
19098,42,0
19099,42,0
19100,42,0
19101,42,0
19102,42,0
19103,42,0
19104,42,0
19105,42,0
19106,42,0
19107,42,0
19108,42,0
19109,42,0
19110,42,0
19111,42,0
19112,42,0
19113,42,0
19114,42,0
19115,42,0
19116,42,0
19117,42,0
19118,42,0
19119,42,0
19120,42,0
19121,42,0
19122,42,0
19123,42,0
19124,42,0
19125,42,0
19126,41,0
19127,41,0
19128,41,0
19129,41,0
19130,41,0
19131,41,0
19132,40,0
19133,40,0
19134,40,0
19135,40,0
19136,40,0
19137,40,0
19138,39,0
19139,39,0
19140,39,0
19141,39,0
19142,39,0
19143,39,0
19144,39,0
19145,39,0
19146,39,0
19147,39,0
19148,39,0
19149,39,0
19150,39,0
19151,39,0
19152,39,0
19153,39,0
19154,39,0
19155,39,0
19156,39,0
19157,39,0
19158,39,0
19159,39,0
19160,39,0
19161,39,0
19162,39,0
19163,39,0
19164,39,0
19165,39,0
19166,39,0
19167,39,0
19168,39,0
19169,40,0
19170,40,0
19171,40,0
19172,40,0
19173,40,0
19174,40,0
19175,40,0
19176,40,0
19177,40,0
19178,40,0
19179,40,0
19180,40,0
19181,40,0
19182,40,0
19183,40,0
19184,40,0
19185,40,0
19186,40,0
19187,41,0
19188,41,0
19189,41,0
19190,41,0
19191,41,0
19192,41,0
19193,41,0
19194,41,0
19195,41,0
19196,41,0
19197,41,0
19198,41,0
19199,41,0
19200,41,0
19201,41,0
19202,41,0
19203,41,0
19204,41,0
19205,41,0
19206,41,0
19207,41,0
19208,41,0
19209,41,0
19210,41,0
19211,41,0
19212,41,0
19213,41,0
19214,41,0
19215,41,0
19216,41,0
19217,41,0
19218,41,0
19219,41,0
19220,41,0
19221,41,0
19222,41,0
19223,41,0
19224,41,0
19225,41,0
19226,41,0
19227,41,0
19228,41,0
19229,41,0
19230,41,0
19231,41,0
19232,41,0
19233,41,0
19234,40,0
19235,40,0
19236,40,0
19237,41,0
19238,41,0
19239,41,0
19240,41,0
19241,41,0
19242,41,0
19243,41,0
19244,41,0
19245,41,0
19246,41,0
19247,41,0
19248,41,0
19249,41,0
19250,41,0
19251,41,0
19252,41,0
19253,41,0
19254,41,0
19255,41,0
19256,41,0
19257,41,0
19258,41,0
19259,41,0
19260,41,0
19261,41,0
19262,41,0
19263,41,0
19264,41,0
19265,41,0
19266,41,0
19267,41,0
19268,41,0
19269,41,0
19270,41,0
19271,41,0
19272,41,0
19273,40,0
19274,40,0
19275,40,0
19276,40,0
19277,40,0
19278,40,0
19279,40,0
19280,40,0
19281,40,0
19282,40,0
19283,40,0
19284,40,0
19285,40,0
19286,40,0
19287,40,0
19288,40,0
19289,40,0
19290,40,0
19291,40,0
19292,40,0
19293,40,0
19294,40,0
19295,40,0
19296,40,0
19297,40,0
19298,40,0
19299,40,0
19300,40,0
19301,40,0
19302,40,0
19303,40,0
19304,40,0
19305,40,0
19306,39,0
19307,39,0
19308,39,0
19309,39,0
19310,39,0
19311,38,0
19312,38,0
19313,38,0
19314,38,0
19315,38,0
19316,38,0
19317,39,0
19318,39,0
19319,39,0
19320,39,0
19321,39,0
19322,39,0
19323,39,0
19324,39,0
19325,39,0
19326,39,0
19327,39,0
19328,39,0
19329,39,0
19330,39,0
19331,39,0
19332,39,0
19333,39,0
19334,39,0
19335,39,0
19336,39,0
19337,39,0
19338,39,0
19339,39,0
19340,39,0
19341,39,0
19342,39,0
19343,39,0
19344,38,0
19345,38,0
19346,38,0
19347,38,0
19348,38,0
19349,38,0
19350,38,0
19351,38,0
19352,38,0
19353,38,0
19354,38,0
19355,38,0
19356,38,0
19357,38,0
19358,38,0
19359,38,0
19360,38,0
19361,38,0
19362,38,0
19363,38,0
19364,38,0
19365,38,0
19366,38,0
19367,38,0
19368,38,0
19369,38,0
19370,38,0
19371,38,0
19372,38,0
19373,38,0
19374,38,0
19375,38,0
19376,38,0
19377,38,0
19378,38,0
19379,38,0
19380,38,0
19381,39,0
19382,39,0
19383,39,0
19384,39,0
19385,39,0
19386,39,0
19387,39,0
19388,39,0
19389,39,0
19390,39,0
19391,39,0
19392,39,0
19393,39,0
19394,39,0
19395,39,0
19396,39,0
19397,39,0
19398,39,0
19399,39,0
19400,39,0
19401,39,0
19402,39,0
19403,39,0
19404,39,0
19405,39,0
19406,39,0
19407,39,0
19408,39,0
19409,39,0
19410,39,0
19411,39,0
19412,39,0
19413,39,0
19414,39,0
19415,39,0
19416,39,0
19417,39,0
19418,39,0
19419,39,0
19420,39,0
19421,39,0
19422,39,0
19423,39,0
19424,39,0
19425,38,0
19426,38,0
19427,38,0
19428,38,0
19429,38,0
19430,38,0
19431,38,0
19432,38,0
19433,38,0
19434,38,0
19435,38,0
19436,38,0
19437,38,0
19438,38,0
19439,38,0
19440,38,0
19441,38,0
19442,38,0
19443,38,0
19444,38,0
19445,38,0
19446,38,0
19447,38,0
19448,38,0
19449,38,0
19450,38,0
19451,38,0
19452,37,0
19453,37,0
19454,37,0
19455,37,0
19456,37,0
19457,37,0
19458,36,0
19459,36,0
19460,36,0
19461,36,0
19462,36,0
19463,36,0
19464,36,0
19465,36,0
19466,36,0
19467,36,0
19468,36,0
19469,36,0
19470,36,0
19471,36,0
19472,36,0
19473,36,0
19474,36,0
19475,36,0
19476,36,0
19477,36,0
19478,36,0
19479,36,0
19480,36,0
19481,36,0
19482,36,0
19483,36,0
19484,36,0
19485,36,0
19486,36,0
19487,36,0
19488,36,0
19489,36,0
19490,36,0
19491,36,0
19492,36,0
19493,36,0
19494,36,0
19495,36,0
19496,36,0
19497,36,0
19498,36,0
19499,36,0
19500,36,0
19501,36,0
19502,36,0
19503,36,0
19504,36,0
19505,36,0
19506,36,0
19507,36,0
19508,37,0
19509,37,0
19510,37,0
19511,37,0
19512,37,0
19513,37,0
19514,37,0
19515,37,0
19516,37,0
19517,37,0
19518,37,0
19519,37,0
19520,37,0
19521,37,0
19522,37,0
19523,37,0
19524,37,0
19525,37,0
19526,36,0
19527,36,0
19528,36,0
19529,36,0
19530,36,0
19531,36,0
19532,36,0
19533,36,0
19534,36,0
19535,36,0
19536,36,0
19537,36,0
19538,36,0
19539,36,0
19540,36,0
19541,36,0
19542,36,0
19543,36,0
19544,36,0
19545,36,0
19546,36,0
19547,36,0
19548,36,0
19549,36,0
19550,36,0
19551,36,0
19552,36,0
19553,36,0
19554,36,0
19555,36,0
19556,37,0
19557,37,0
19558,37,0
19559,38,0
19560,38,0
19561,38,0
19562,38,0
19563,38,0
19564,38,0
19565,38,0
19566,38,0
19567,38,0
19568,38,0
19569,38,0
19570,38,0
19571,38,0
19572,38,0
19573,38,0
19574,38,0
19575,38,0
19576,38,0
19577,38,0
19578,38,0
19579,38,0
19580,38,0
19581,38,0
19582,38,0
19583,38,0
19584,38,0
19585,38,0
19586,37,0
19587,37,0
19588,37,0
19589,37,0
19590,37,0
19591,37,0
19592,37,0
19593,37,0
19594,37,0
19595,37,0
19596,37,0
19597,37,0
19598,37,0
19599,37,0
19600,37,0
19601,37,0
19602,37,0
19603,37,0
19604,37,0
19605,37,0
19606,37,0
19607,37,0
19608,37,0
19609,37,0
19610,37,0
19611,37,0
19612,37,0
19613,37,0
19614,37,0
19615,37,0
19616,37,0
19617,37,0
19618,37,0
19619,37,0
19620,37,0
19621,37,0
19622,37,0
19623,37,0
19624,37,0
19625,37,0
19626,37,0
19627,37,0
19628,37,0
19629,37,0
19630,37,0
19631,37,0
19632,37,0
19633,37,0
19634,37,0
19635,37,0
19636,37,0
19637,37,0
19638,37,0
19639,37,0
19640,37,0
19641,37,0
19642,37,0
19643,37,0
19644,37,0
19645,37,0
19646,36,0
19647,36,0
19648,36,0
19649,36,0
19650,36,0
19651,36,0
19652,36,0
19653,36,0
19654,36,0
19655,36,0
19656,36,0
19657,36,0
19658,36,0
19659,36,0
19660,36,0
19661,36,0
19662,36,0
19663,36,0
19664,36,0
19665,36,0
19666,36,0
19667,36,0
19668,36,0
19669,36,0
19670,36,0
19671,36,0
19672,36,0
19673,36,0
19674,36,0
19675,36,0
19676,37,0
19677,37,0
19678,37,0
19679,37,0
19680,37,0
19681,37,0
19682,37,0
19683,37,0
19684,37,0
19685,37,0
19686,37,0
19687,37,0
19688,37,0
19689,37,0
19690,37,0
19691,37,0
19692,37,0
19693,37,0
19694,37,0
19695,37,0
19696,37,0
19697,37,0
19698,37,0
19699,37,0
19700,37,0
19701,37,0
19702,37,0
19703,37,0
19704,37,0
19705,37,0
19706,37,0
19707,37,0
19708,37,0
19709,37,0
19710,37,0
19711,37,0
19712,37,0
19713,37,0
19714,37,0
19715,37,0
19716,37,0
19717,37,0
19718,37,0
19719,37,0
19720,37,0
19721,36,0
19722,36,0
19723,37,0
19724,37,0
19725,37,0
19726,37,0
19727,37,0
19728,37,0
19729,37,0
19730,37,0
19731,38,0
19732,38,0
19733,38,0
19734,38,0
19735,38,0
19736,38,0
19737,38,0
19738,38,0
19739,38,0
19740,38,0
19741,38,0
19742,38,0
19743,38,0
19744,38,0
19745,38,0
19746,38,0
19747,38,0
19748,37,0
19749,37,0
19750,37,0
19751,37,0
19752,37,0
19753,37,0
19754,37,0
19755,37,0
19756,37,0
19757,37,0
19758,37,0
19759,37,0
19760,36,0
19761,36,0
19762,36,0
19763,36,0
19764,36,0
19765,36,0
19766,36,0
19767,36,0
19768,36,0
19769,36,0
19770,36,0
19771,36,0
19772,36,0
19773,36,0
19774,36,0
19775,36,0
19776,36,0
19777,36,0
19778,36,0
19779,36,0
19780,36,0
19781,35,0
19782,35,0
19783,35,0
19784,35,0
19785,35,0
19786,35,0
19787,35,0
19788,35,0
19789,35,0
19790,35,0
19791,35,0
19792,35,0
19793,35,0
19794,35,0
19795,35,0
19796,34,0
19797,34,0
19798,34,0
19799,34,0
19800,34,0
19801,34,0
19802,35,0
19803,35,0
19804,35,0
19805,35,0
19806,35,0
19807,35,0
19808,35,0
19809,35,0
19810,35,0
19811,35,0
19812,35,0
19813,35,0
19814,35,0
19815,35,0
19816,35,0
19817,35,0
19818,35,0
19819,35,0
19820,35,0
19821,35,0
19822,35,0
19823,35,0
19824,35,0
19825,35,0
19826,35,0
19827,35,0
19828,35,0
19829,35,0
19830,35,0
19831,35,0
19832,35,0
19833,35,0
19834,35,0
19835,35,0
19836,35,0
19837,35,0
19838,35,0
19839,35,0
19840,35,0
19841,35,0
19842,35,0
19843,35,0
19844,35,0
19845,35,0
19846,35,0
19847,35,0
19848,35,0
19849,35,0
19850,35,0
19851,35,0
19852,35,0
19853,35,0
19854,35,0
19855,35,0
19856,35,0
19857,35,0
19858,35,0
19859,35,0
19860,35,0
19861,35,0
19862,35,0
19863,35,0
19864,35,0
19865,35,0
19866,35,0
19867,35,0
19868,35,0
19869,35,0
19870,35,0
19871,35,0
19872,35,0
19873,35,0
19874,35,0
19875,36,0
19876,36,0
19877,36,0
19878,36,0
19879,36,0
19880,35,0
19881,35,0
19882,35,0
19883,35,0
19884,35,0
19885,35,0
19886,35,0
19887,35,0
19888,35,0
19889,35,0
19890,35,0
19891,35,0
19892,35,0
19893,35,0
19894,35,0
19895,35,0
19896,35,0
19897,35,0
19898,35,0
19899,35,0
19900,35,0
19901,35,0
19902,35,0
19903,35,0
19904,35,0
19905,35,0
19906,35,0
19907,35,0
19908,35,0
19909,35,0
19910,35,0
19911,35,0
19912,35,0
19913,35,0
19914,35,0
19915,35,0
19916,35,0
19917,35,0
19918,35,0
19919,35,0
19920,35,0
19921,35,0
19922,35,0
19923,35,0
19924,35,0
19925,35,0
19926,35,0
19927,35,0
19928,35,0
19929,35,0
19930,35,0
19931,35,0
19932,35,0
19933,35,0
19934,35,0
19935,35,0
19936,35,0
19937,35,0
19938,35,0
19939,35,0
19940,35,0
19941,35,0
19942,35,0
19943,35,0
19944,35,0
19945,35,0
19946,35,0
19947,35,0
19948,35,0
19949,35,0
19950,35,0
19951,35,0
19952,35,0
19953,35,0
19954,35,0
19955,35,0
19956,35,0
19957,35,0
19958,35,0
19959,35,0
19960,35,0
19961,35,0
19962,35,0
19963,35,0
19964,35,0
19965,35,0
19966,35,0
19967,35,0
19968,35,0
19969,35,0
19970,35,0
19971,35,0
19972,35,0
19973,35,0
19974,35,0
19975,35,0
19976,35,0
19977,35,0
19978,35,0
19979,35,0
19980,35,0
19981,35,0
19982,35,0
19983,35,0
19984,35,0
19985,35,0
19986,35,0
19987,35,0
19988,33,0
19989,33,0
19990,33,0
19991,33,0
19992,33,0
19993,33,0
19994,33,0
19995,33,0
19996,33,0
19997,33,0
19998,33,0
19999,33,0
